I
1000 Generated by WorldEditor 2.4.0r2

1     22 0 0 ZGSD Zhuhai Jinwan
1302 flatten 1
100 50.00 1 0 0.00 1 2 1  05  21.99391813  113.36306104 0 60 3 2 0 0 23  22.01955987  113.39031096 0 60 3 2 0 0
110 1 0.00 0.0 East Terminal
111  22.01181608  113.37287220
111  22.01039519  113.37441829
111  22.01059772  113.37463348
113  22.01201861  113.37308738
110 1 0.00 0.0 West Terminal
111  22.01002843  113.37097285
111  22.00861401  113.37251192
111  22.00881386  113.37272426
113  22.01022828  113.37118519
110 1 0.00 0.0 Main-Buiding
111  22.01254259  113.37251723
111  22.01228163  113.37236562
111  22.01069383  113.37067862
111  22.01049997  113.37023892
111  22.00996116  113.37082521
111  22.01006385  113.37093431
111  22.01002843  113.37097285
111  22.01022828  113.37118519
111  22.01008022  113.37134630
111  22.01166802  113.37303330
111  22.01181608  113.37287220
111  22.01224019  113.37332281
113  22.01276417  113.37275265
110 2 0.00 0.0 A
111  22.02064604  113.38926109
111  22.02028196  113.38882387
111  22.02006264  113.38858845
111  22.02003924  113.38861460
111  22.02023961  113.38882501
112  22.02026232  113.38894126  22.02025652  113.38902305
111  22.02023345  113.38904795
111  22.01972541  113.38958972
112  22.01953079  113.38965112  22.01940043  113.38964518
111  22.01932303  113.38954261
111  22.01923822  113.38963620
113  22.01979880  113.39023714
110 2 0.00 0.0 B
111  22.02003924  113.38861460
111  22.02006264  113.38858845
111  22.01911331  113.38758354
111  22.01936807  113.38789867
112  22.01945031  113.38808593  22.01945031  113.38815985
111  22.01937721  113.38821899
111  22.01895690  113.38865757
112  22.01875368  113.38877056  22.01862968  113.38876986
111  22.01857771  113.38871178
111  22.01799265  113.38830879
111  22.01923822  113.38963620
111  22.01932303  113.38954261
111  22.01927417  113.38948226
112  22.01919859  113.38928141  22.01920073  113.38917644
111  22.01929758  113.38908386
111  22.01959700  113.38876478
111  22.01971069  113.38862932
112  22.01986305  113.38851448  22.01991915  113.38851173
113  22.01997988  113.38855810
110 2 0.00 0.0 C
111  22.01184708  113.38183634
111  22.01206242  113.38200739
112  22.01202393  113.38186967  22.01203671  113.38182340
111  22.01214198  113.38185968
111  22.01296602  113.38212503
112  22.01324014  113.38212093  22.01338100  113.38210039
111  22.01344993  113.38202173
111  22.01352048  113.38196067
112  22.01361522  113.38191789  22.01367470  113.38191314
111  22.01373274  113.38192186
111  22.01383383  113.38198586
111  22.01243584  113.38048918
111  22.01242023  113.38050818
111  22.01319598  113.38142284
112  22.01322569  113.38155263  22.01320438  113.38159446
112  22.01313877  113.38164716  22.01306565  113.38166270
112  22.01289859  113.38162563  22.01286052  113.38161741
111  22.01242541  113.38148444
111  22.01204216  113.38132702
111  22.01134038  113.38094650
111  22.01099774  113.38065494
111  22.01073060  113.38040445
113  22.00972004  113.37951404
110 2 0.00 0.0 D
111  22.00734675  113.37702479
111  22.00767398  113.37734406
112  22.00757492  113.37709981  22.00759971  113.37703832
111  22.00789825  113.37715578
111  22.00821458  113.37724716
111  22.00856400  113.37735154
111  22.00893579  113.37744890
111  22.00948942  113.37761972
111  22.00973898  113.37774322
111  22.00992277  113.37791738
111  22.01242023  113.38050818
111  22.01243584  113.38048918
111  22.00996474  113.37788418
111  22.00858868  113.37642657
111  22.00876749  113.37666669
112  22.00878279  113.37672775  22.00877820  113.37676736
112  22.00876749  113.37680201  22.00874454  113.37683337
112  22.00867569  113.37686802  22.00863132  113.37687297
111  22.00849484  113.37686274
111  22.00825616  113.37680003
111  22.00790151  113.37667891
111  22.00767201  113.37656603
111  22.00713423  113.37624842
111  22.00688649  113.37610265
111  22.00623780  113.37567738
113  22.00580039  113.37542284
110 2 0.00 0.0 E
111  22.00447564  113.37373160
111  22.00379715  113.37324026
111  22.00604606  113.37562339
111  22.00504479  113.37401761
111  22.00480989  113.37332355
111  22.00467159  113.37285884
111  22.00463281  113.37270526
112  22.00462545  113.37254107  22.00465217  113.37245499
112  22.00471985  113.37243888  22.00478067  113.37241678
111  22.00484342  113.37245701
111  22.00431869  113.37190126
112  22.00436656  113.37211463  22.00430798  113.37221181
111  22.00429750  113.37221929
112  22.00421304  113.37235242  22.00414682  113.37246827
112  22.00415128  113.37265936  22.00415890  113.37278665
111  22.00420342  113.37302390
113  22.00431763  113.37330312
110 2 0.00 0.0 F
111  21.99994057  113.36890662
112  21.99993901  113.36899237  21.99991675  113.36901408
111  21.99985469  113.36898042
111  21.99969372  113.36887785
111  22.00001074  113.36920719
111  22.00165961  113.37094924
111  22.00096465  113.36998100
111  22.00071771  113.36957559
111  22.00059213  113.36933083
112  22.00041807  113.36891499  22.00038943  113.36881995
111  22.00030351  113.36854906
112  22.00015217  113.36802866  22.00013675  113.36798589
112  22.00013087  113.36780847  22.00014188  113.36773481
112  22.00020216  113.36771263  22.00022199  113.36770075
112  22.00027927  113.36769599  22.00031673  113.36770550
111  22.00038943  113.36776568
111  22.00073957  113.36810644
111  21.99989345  113.36721007
112  21.99989902  113.36726085  21.99989569  113.36729043
111  21.99987470  113.36732758
111  21.99981595  113.36741471
112  21.99972996  113.36755838  21.99969692  113.36761383
112  21.99966851  113.36776382  21.99965566  113.36787075
111  21.99966723  113.36802262
111  21.99972813  113.36825172
113  21.99981962  113.36854341
110 2 0.00 0.0 G
111  21.99554812  113.36260447
112  21.99558091  113.36273012  21.99556504  113.36279855
111  21.99544153  113.36293615
111  21.99536647  113.36302403
111  21.99511811  113.36329300
112  21.99492782  113.36339223  21.99481803  113.36340249
111  21.99471622  113.36336103
111  21.99462066  113.36329092
111  21.99453529  113.36338027
111  21.99645628  113.36542380
111  21.99607179  113.36490116
111  21.99565875  113.36441896
111  21.99544171  113.36415183
112  21.99535820  113.36391788  21.99536349  113.36376733
111  21.99541446  113.36372259
111  21.99550261  113.36361729
111  21.99586191  113.36323246
112  21.99599350  113.36315693  21.99604236  113.36315359
113  21.99612531  113.36321672
110 2 0.00 0.0 H
111  22.00770312  113.37480318
111  22.00705371  113.37411643
111  22.00594876  113.37302250
111  22.00549980  113.37255314
111  21.99983896  113.36653321
111  21.99961171  113.36629268
111  21.99861773  113.36523514
111  21.99837141  113.36497492
111  21.99601217  113.36246575
112  21.99525988  113.36180899  21.99502193  113.36179189
111  21.99489778  113.36188347
111  21.99398939  113.36281965
111  21.99453529  113.36338027
111  21.99462066  113.36329092
111  21.99455463  113.36320102
112  21.99452000  113.36303025  21.99452400  113.36291215
111  21.99457521  113.36287358
111  21.99506890  113.36236390
112  21.99516882  113.36230089  21.99522573  113.36229495
111  21.99529806  113.36234008
111  21.99554812  113.36260447
111  21.99612531  113.36321672
111  21.99989345  113.36721007
111  22.00073957  113.36810644
111  22.00431869  113.37190126
111  22.00484342  113.37245701
111  22.00858868  113.37642657
111  22.00996474  113.37788418
111  22.01243584  113.38048918
111  22.01383383  113.38198586
111  22.01911331  113.38758354
111  22.02006264  113.38858845
111  22.02028196  113.38882387
111  22.02064604  113.38926109
112  22.02071882  113.38891995  22.02071411  113.38873415
111  22.02050729  113.38849019
111  22.01855740  113.38641983
111  22.01807288  113.38590375
111  22.01518548  113.38284043
111  22.01468491  113.38230989
111  22.01065871  113.37802932
111  22.00940727  113.37660908
113  22.00879649  113.37596175
110 2 0.00 0.0 New Taxiway 1
111  22.02114935  113.38065963
111  22.02134714  113.38043953
111  22.01996779  113.37883689
111  22.01938727  113.37945082
111  22.01780189  113.37785696
111  22.01718022  113.37854471
111  22.01588336  113.37720794
111  22.01442925  113.37878074
111  22.01399975  113.37834136
111  22.01296363  113.37944939
111  22.01472592  113.38123085
111  22.01496059  113.38094906
112  22.01518199  113.38086309  22.01530597  113.38086309
111  22.01542539  113.38097330
111  22.01639965  113.38205233
111  22.01884383  113.38457415
111  22.01981796  113.38563446
111  22.02053527  113.38642256
111  22.02077438  113.38615986
111  22.02095149  113.38596881
111  22.02175736  113.38508043
111  22.02202304  113.38532880
111  22.02334254  113.38415861
111  22.02357279  113.38392935
111  22.02333368  113.38368576
113  22.02363920  113.38331321
110 2 0.00 0.0 New Taxiway 3
111  22.02375645  113.38982370
111  22.02390850  113.38965551
111  22.02401671  113.38974899
111  22.02645969  113.38706338
111  22.02563788  113.38600431
111  22.02541419  113.38625337
111  22.02529941  113.38611683
111  22.02349505  113.38808708
112  22.02324280  113.38825029  22.02311132  113.38826480
111  22.02304120  113.38816668
111  22.02095222  113.38596737
111  22.02077551  113.38615932
111  22.02286395  113.38836867
112  22.02293836  113.38850826  22.02294363  113.38858865
111  22.02293656  113.38867996
111  22.02328006  113.38902089
113  22.02313660  113.38919857
110 2 0.00 0.0 New Taxiway 5
111  22.01542539  113.38097330
111  22.01543768  113.38112937
111  22.01554148  113.38123733
112  22.01560772  113.38144154  22.01560277  113.38153884
111  22.01554519  113.38161188
111  22.01529928  113.38189046
111  22.01506449  113.38214505
112  22.01488565  113.38228987  22.01481147  113.38231278
111  22.01468491  113.38230989
111  22.01518548  113.38284043
112  22.01520161  113.38262361  22.01522770  113.38255136
111  22.01567370  113.38207174
111  22.01578368  113.38194778
112  22.01597742  113.38184581  22.01609437  113.38185462
111  22.01616923  113.38193445
111  22.01626686  113.38203975
113  22.01639965  113.38205233
110 2 0.00 0.0 New Taxiway 4
111  22.01855740  113.38641983
112  22.01857635  113.38621417  22.01860417  113.38609051
111  22.01880748  113.38591040
111  22.01908381  113.38562382
111  22.01922734  113.38549266
112  22.01940736  113.38545299  22.01951413  113.38546259
111  22.01960010  113.38556452
111  22.01966342  113.38562211
111  22.01981796  113.38563446
111  22.01884383  113.38457415
111  22.01883615  113.38470056
111  22.01891988  113.38480331
112  22.01898029  113.38506334  22.01895182  113.38519770
111  22.01889666  113.38523801
111  22.01842666  113.38575233
112  22.01827880  113.38585264  22.01819275  113.38588739
113  22.01807288  113.38590375
110 2 0.00 0.0 New Taxiway 14
111  22.00616148  113.36076094
111  22.00576065  113.36028553
111  22.00571472  113.36030863
111  22.00470324  113.35902566
111  22.00459405  113.35901180
111  22.00337742  113.36040888
111  22.00337946  113.36022448
111  22.00349962  113.36009160
111  22.00321702  113.35980480
111  21.99851343  113.36489935
111  21.99837141  113.36497492
111  21.99861773  113.36523514
111  21.99866601  113.36507751
111  21.99892411  113.36478250
111  21.99906384  113.36491925
111  22.00184048  113.36190467
111  22.00244931  113.36248504
111  22.00312579  113.36172558
111  22.00256615  113.36109546
111  22.00292592  113.36070080
111  22.00315346  113.36069085
111  22.00376229  113.36133755
111  22.00360854  113.36152327
111  22.00408208  113.36200084
111  22.00430040  113.36179854
113  22.00474011  113.36230264
110 2 0.00 0.0 New Taxiway 102
111  21.99977240  113.36620154
111  21.99961171  113.36629268
111  21.99983896  113.36653321
111  21.99992626  113.36632712
111  22.00033198  113.36593227
111  22.00045073  113.36605808
111  22.00057999  113.36590282
111  22.00314625  113.36862879
111  22.00343118  113.36828564
111  22.00441629  113.36933401
111  22.00674851  113.36687875
111  22.00477144  113.36480632
111  22.00568608  113.36380250
111  22.00549482  113.36359630
111  22.00559325  113.36350067
111  22.00530081  113.36317355
111  22.00516548  113.36330682
111  22.00470321  113.36273501
111  22.00222715  113.36532976
111  22.00126011  113.36438420
111  22.00208900  113.36347302
111  22.00124417  113.36263636
111  21.99937915  113.36472231
111  21.99964037  113.36497659
111  21.99987632  113.36471212
111  21.99996035  113.36471008
111  22.00047372  113.36523807
111  22.00009639  113.36566219
113  22.00017621  113.36574236
110 2 0.00 0.0 New Taxiway 16
111  22.00904810  113.37005848
111  22.00860530  113.36968823
111  22.00869593  113.36958759
111  22.00823989  113.36905391
111  22.00772432  113.36957878
111  22.00820259  113.37011142
111  22.00849395  113.36980671
113  22.00893268  113.37019086
110 2 0.00 0.0 New Taxiway 15
111  22.00497965  113.37112919
111  22.00597795  113.37216392
111  22.00631045  113.37183511
111  22.00687168  113.37234027
111  22.00692863  113.37228663
111  22.00637269  113.37177429
111  22.00666786  113.37143417
111  22.00662478  113.37138379
111  22.00718153  113.37077068
113  22.00623640  113.36975423
110 2 0.00 0.0 Terminal
111  22.01240271  113.37319606
111  22.01279712  113.37274146
111  22.01260189  113.37252185
112  22.01234421  113.37237413  22.01215529  113.37224359
111  22.01204619  113.37206648
111  22.01115859  113.37114180
112  22.01068027  113.37057798  22.01062842  113.37043205
111  22.01057624  113.37017538
111  22.01006808  113.37072230
111  22.00920989  113.36983627
111  22.00904468  113.37004881
111  22.00892930  113.37018312
111  22.00652133  113.37270504
111  22.00754200  113.37396757
111  22.00933539  113.37605575
111  22.00963309  113.37639325
111  22.01036087  113.37727245
111  22.01298544  113.37443187
111  22.01313296  113.37424193
112  22.01310091  113.37399416  22.01307509  113.37389466
113  22.01298808  113.37377084
110 2 0.00 0.0 P
111  22.01065871  113.37802932
112  22.01024654  113.37747064  22.01023968  113.37740644
111  22.01034100  113.37731237
111  22.01036087  113.37727245
111  22.00963309  113.37639325
111  22.00998115  113.37685849
112  22.00997606  113.37695894  22.00994201  113.37699396
111  22.00988214  113.37698032
111  22.00981945  113.37693736
113  22.00940727  113.37660908
110 2 0.00 0.0 R
111  22.00652133  113.37270504
111  22.00630597  113.37291633
112  22.00611940  113.37303823  22.00602314  113.37306058
111  22.00594876  113.37302250
111  22.00705371  113.37411643
111  22.00686226  113.37384685
112  22.00671643  113.37357493  22.00669560  113.37355247
112  22.00665091  113.37342080  22.00662237  113.37338253
112  22.00665168  113.37333344  22.00666634  113.37330349
112  22.00671956  113.37331597  22.00673653  113.37331597
112  22.00681289  113.37335174  22.00683835  113.37336256
111  22.00685532  113.37337587
111  22.00698645  113.37346739
111  22.00714689  113.37360632
111  22.00750751  113.37399489
113  22.00754200  113.37396757
110 2 0.00 0.0 Q
111  22.00754200  113.37396757
111  22.00750751  113.37399489
111  22.00780115  113.37443209
111  22.00792015  113.37463911
111  22.00802188  113.37483592
112  22.00799850  113.37495999  22.00795244  113.37500553
111  22.00788251  113.37495000
111  22.00781543  113.37489098
111  22.00770312  113.37480318
111  22.00879649  113.37596175
111  22.00857913  113.37566731
111  22.00847645  113.37552838
111  22.00840367  113.37542946
112  22.00839551  113.37531129  22.00843198  113.37526161
111  22.00851899  113.37530364
111  22.00859193  113.37536782
111  22.00879346  113.37555207
111  22.00897004  113.37570112
113  22.00933539  113.37605575
130 Airport Boundary
111  22.02852547  113.38918073
111  22.00480095  113.35871490
111  22.00355003  113.36006848
111  22.00313117  113.35962725
111  21.99870347  113.36445393
111  21.99703674  113.36283914
111  21.99721590  113.36263714
111  21.99685308  113.36223200
111  21.99666108  113.36243176
111  21.99360633  113.35918844
111  21.99249830  113.36036852
111  21.99188565  113.35970583
111  21.98976471  113.36200483
111  21.99448772  113.36702511
111  21.99489079  113.36658232
111  21.99495850  113.36664225
111  21.99500476  113.36659618
111  22.01625759  113.38916257
111  22.01619298  113.38922890
111  22.01627548  113.38931272
111  22.01581799  113.38979929
113  22.02136027  113.39571830
120 Linear Feature 1
111  21.99983848  113.36706503 53 102
112  21.99995920  113.36731249  21.99992967  113.36741175 53 102
111  21.99986902  113.36749438 53 102
112  21.99975929  113.36776236  21.99974658  113.36790225 53 102
111  21.99977837  113.36803090 53 102
111  22.00001032  113.36884395 53 102
112  22.00000162  113.36904809  21.99993498  113.36907580 53 102
115  21.99985959  113.36904600
120 Linear Feature 31
111  21.99528629  113.36418698 53 102
112  21.99523077  113.36391737  21.99523748  113.36374531 53 102
111  21.99531618  113.36367438 53 102
111  21.99580434  113.36314320 53 102
112  21.99601096  113.36308712  21.99612924  113.36311446 53 102
111  21.99619698  113.36319603 53 102
115  21.99983848  113.36706503
120 Linear Feature 30
111  21.99449570  113.36280264 53 102
112  21.99439995  113.36303788  21.99438773  113.36315634 53 102
111  21.99444734  113.36329561 53 102
111  21.99466818  113.36353024 53 102
112  21.99489167  113.36356590  21.99499336  113.36353482 53 102
111  21.99509257  113.36343680 53 102
111  21.99558074  113.36290562 53 102
112  21.99566238  113.36272293  21.99567083  113.36261335 53 102
111  21.99557887  113.36253930 53 102
111  21.99535803  113.36230466 53 102
112  21.99517458  113.36220049  21.99507032  113.36219988 53 102
111  21.99505137  113.36223087 53 102
115  21.99449570  113.36280264
120 Linear Feature 29
111  21.99405434  113.36287805 53 102
111  21.99479562  113.36207145 53 102
112  21.99519466  113.36188926  21.99537068  113.36192090 53 102
111  21.99554123  113.36210532 53 102
115  22.00592056  113.37313313
120 Linear Feature 27
111  22.00592056  113.37313313 53 102
112  22.00610945  113.37317080  22.00620253  113.37315213 53 102
115  22.00630183  113.37304628
120 Linear Feature 26
111  22.00806504  113.37500634 53 102
112  22.00793730  113.37508144  22.00787586  113.37507261 53 102
111  22.00773189  113.37497098 53 102
111  22.00705973  113.37423950 53 102
111  22.00655161  113.37352346 53 102
112  22.00652909  113.37334086  22.00655366  113.37326576 53 102
111  22.00660281  113.37324367 53 102
112  22.00674617  113.37321717  22.00683628  113.37322159 53 102
111  22.00703219  113.37339314 53 102
111  22.00755305  113.37388424 53 102
111  22.00806913  113.37469268 53 102
112  22.00812150  113.37485540  22.00812150  113.37494375 53 102
115  22.00806504  113.37500634
120 Linear Feature 25
111  22.01002857  113.37704462 53 102
112  22.00987361  113.37709100  22.00979497  113.37705920 53 102
111  22.00960344  113.37690355 53 102
111  22.00892492  113.37626560 53 102
112  22.00828596  113.37542446  22.00825729  113.37530606 53 102
111  22.00833594  113.37523626 53 102
112  22.00847765  113.37515409  22.00856612  113.37515409 53 102
111  22.00934147  113.37591719 53 102
111  22.01004555  113.37675253 53 102
112  22.01009140  113.37690874  22.01009140  113.37699356 53 102
115  22.01002857  113.37704462
120 Linear Feature 24
111  22.01498838  113.38228223 53 102
112  22.01479751  113.38239831  22.01467669  113.38241195 53 102
111  22.01458029  113.38233388 53 102
111  22.01017062  113.37764871 53 102
112  22.01014441  113.37747252  22.01016574  113.37740129 53 102
115  22.01029110  113.37727670
120 Linear Feature 23
111  22.01836717  113.38587212 53 102
112  22.01813675  113.38599040  22.01803058  113.38599818 53 102
111  22.01794411  113.38590786 53 102
111  22.01517846  113.38296943 53 102
112  22.01512021  113.38273559  22.01512693  113.38257729 53 102
115  22.01519903  113.38250604
120 Linear Feature 21
111  22.01971213  113.39013887 53 102
111  22.02043828  113.38934874 53 102
112  22.02061813  113.38896170  22.02062498  113.38873756 53 102
111  22.02044826  113.38856847 53 102
111  22.01853605  113.38653680 53 102
112  22.01849061  113.38629621  22.01850111  113.38613508 53 102
115  22.01856838  113.38608590
120 Linear Feature 20
111  22.02025209  113.38915092 53 102
111  22.01978129  113.38966320 53 102
112  22.01953697  113.38981169  22.01942306  113.38982079 53 102
111  22.01935437  113.38975875 53 102
111  22.01910683  113.38949575 53 102
112  22.01906286  113.38931108  22.01905653  113.38920299 53 102
111  22.01918751  113.38903231 53 102
111  22.01965830  113.38852003 53 102
112  22.01982011  113.38843742  22.01992402  113.38842706 53 102
111  22.02001752  113.38850481 53 102
111  22.02026506  113.38876781 53 102
112  22.02032120  113.38893903  22.02031649  113.38905098 53 102
115  22.02025209  113.38915092
120 Linear Feature 19
111  22.01935407  113.38779991 53 102
112  22.01950746  113.38807189  22.01950526  113.38819278 53 102
111  22.01943142  113.38827898 53 102
111  22.01896063  113.38879126 53 102
112  22.01870406  113.38891617  22.01856182  113.38892260 53 102
115  22.01844338  113.38879085
120 Linear Feature 18
111  22.01197385  113.38191713 53 102
112  22.01195422  113.38179670  22.01201118  113.38173527 53 102
111  22.01231210  113.38184380 53 102
111  22.01290843  113.38201664 53 102
112  22.01322648  113.38203300  22.01333280  113.38199204 53 102
111  22.01342951  113.38190209 53 102
112  22.01364234  113.38184680  22.01376005  113.38185909 53 102
111  22.01382817  113.38192877 53 102
115  22.01935407  113.38779991
120 Linear Feature 17
111  22.01327948  113.38134580 53 102
112  22.01324476  113.38170579  22.01309812  113.38182999 53 102
112  22.01284454  113.38172188  22.01271533  113.38169581 53 102
112  22.01238746  113.38159162  22.01223371  113.38154276 53 102
112  22.01179088  113.38131840  22.01156938  113.38123022 53 102
115  22.01063711  113.38049686
120 Linear Feature 13
111  22.00747974  113.37714223 53 102
112  22.00748640  113.37700050  22.00752261  113.37694126 53 102
111  22.00763922  113.37700020 53 102
111  22.00941757  113.37747119 53 102
112  22.00976406  113.37766346  22.00988747  113.37774195 53 102
111  22.01028107  113.37816005 53 102
115  22.01327948  113.38134580
120 Linear Feature 12
111  22.00878308  113.37656847 53 102
112  22.00883583  113.37687605  22.00874451  113.37701404 53 102
111  22.00855097  113.37698325 53 102
112  22.00801567  113.37684673  22.00780788  113.37677847 53 102
112  22.00734853  113.37652818  22.00721141  113.37644001 53 102
115  22.00610078  113.37567712
120 Linear Feature 11
111  22.00574769  113.37530196 53 102
112  22.00498329  113.37409776  22.00485008  113.37381579 53 102
111  22.00468901  113.37326691 53 102
111  22.00451586  113.37270174 53 102
112  22.00453034  113.37244692  22.00457630  113.37238007 53 102
112  22.00472098  113.37234412  22.00482284  113.37234806 53 102
111  22.00489249  113.37243481 53 102
115  22.00878308  113.37656847
120 Linear Feature 9
111  22.00433375  113.37184116 53 102
112  22.00444110  113.37206023  22.00443201  113.37216258 53 102
111  22.00435581  113.37226148 53 102
112  22.00422695  113.37259577  22.00422765  113.37274343 53 102
111  22.00435135  113.37308439 53 102
111  22.00452470  113.37361832 53 102
112  22.00448901  113.37381585  22.00438341  113.37385206 53 102
115  22.00434843  113.37381528
120 Linear Feature 8
111  22.00126810  113.37054251 53 102
112  22.00057886  113.36955222  22.00049975  113.36939182 53 102
111  22.00035735  113.36902323 53 102
111  22.00010185  113.36825468 53 102
112  22.00005544  113.36769244  22.00014921  113.36750063 53 102
111  22.00040886  113.36767106 53 102
115  22.00433375  113.37184116
120 A
111  22.02047857  113.38914844 1 101
115  22.01970858  113.38998629
120 A-1
111  22.01970858  113.38998629 1 101
112  22.01947673  113.39008986  22.01935958  113.39009815 1 101
115  22.01916491  113.38988820
120 B-H
111  22.01965581  113.38827427 1 101
112  22.01984270  113.38824267  22.01996370  113.38824475 1 101
115  22.02012449  113.38838751
120 B-RWY
111  22.01895262  113.38966264 1 101
112  22.01882798  113.38938174  22.01882148  113.38923239 1 101
115  22.01888581  113.38911212
120 B
111  22.01951453  113.38773945 1 101
112  22.01967185  113.38800599  22.01970019  113.38815938 1 101
111  22.01965581  113.38827427 1 101
111  22.01943900  113.38851018 1 101
111  22.01888581  113.38911212 1 101
112  22.01862834  113.38918116  22.01849737  113.38918116 1 101
115  22.01834266  113.38901458
120 C
111  22.01073715  113.38093046 1 101
111  22.01179780  113.38151588 1 101
111  22.01238613  113.38175273 1 101
111  22.01301502  113.38192514 1 101
112  22.01342520  113.38175756  22.01354262  113.38154797 1 101
115  22.01339286  113.38123237
120 C-1
111  22.01342520  113.38175756 1 101
112  22.01362228  113.38169065  22.01375018  113.38168243 1 101
115  22.01393605  113.38181243
120 D
111  22.00624057  113.37615697 1 101
111  22.00723626  113.37669249 1 101
111  22.00795640  113.37696553 1 101
111  22.00851060  113.37711701 1 101
111  22.00889223  113.37721007 1 101
111  22.00953087  113.37738616 1 101
112  22.00974962  113.37747326  22.00987241  113.37754484 1 101
115  22.01004053  113.37767354
120 D-1
111  22.00851060  113.37711701 1 101
112  22.00897863  113.37691146  22.00903836  113.37665804 1 101
115  22.00887992  113.37644077
120 D-2
111  22.00953087  113.37738616 1 101
112  22.00982723  113.37737465  22.00998944  113.37732570 1 101
115  22.01011017  113.37721099
120 E
111  22.00449499  113.37227400 1 101
112  22.00455741  113.37202745  22.00456513  113.37182758 1 101
115  22.00440764  113.37168924
120 E
111  22.00511429  113.37495966 1 101
111  22.00475125  113.37395452 1 101
111  22.00438834  113.37275109 1 101
112  22.00449499  113.37227400  22.00464839  113.37207679 1 101
115  22.00506152  113.37238345
120 F
111  21.99997812  113.36754362 1 101
112  22.00008527  113.36730189  22.00009814  113.36714574 1 101
115  21.99994586  113.36694818
120 F
111  22.00094771  113.37053262 1 101
111  22.00031557  113.36934202 1 101
111  21.99989570  113.36803730 1 101
112  21.99997812  113.36754362  22.00017826  113.36732177 1 101
115  22.00051625  113.36755421
120 G-RWY
111  21.99451438  113.36369758 1 101
112  21.99478158  113.36382803  21.99492631  113.36381924 1 101
115  21.99501827  113.36375340
120 G-H
111  21.99578826  113.36291556 1 101
112  21.99580729  113.36267917  21.99579798  113.36253344 1 101
115  21.99568625  113.36242245
120 G
111  21.99630437  113.36307918 1 101
112  21.99598866  113.36289553  21.99589032  113.36288670 1 101
111  21.99578826  113.36291556 1 101
111  21.99557146  113.36315147 1 101
111  21.99501827  113.36375340 1 101
112  21.99499785  113.36404396  21.99502123  113.36426257 1 101
115  21.99513250  113.36435432
120 H
111  21.99546542  113.36218781 1 101
111  21.99568625  113.36242245 1 101
111  21.99630437  113.36307918 1 101
111  21.99994586  113.36694818 1 101
111  22.00051625  113.36755421 1 101
111  22.00440636  113.37168736 1 101
111  22.00506152  113.37238345 1 101
111  22.00591547  113.37329075 1 101
111  22.00630247  113.37370193 1 101
111  22.00772441  113.37521271 1 101
111  22.00811298  113.37562556 1 101
111  22.00887992  113.37644077 1 101
111  22.00966203  113.37727139 1 101
111  22.01004053  113.37767354 1 101
111  22.01339286  113.38123237 1 101
111  22.01393605  113.38181243 1 101
111  22.01951453  113.38773945 1 101
111  22.02012449  113.38838751 1 101
115  22.02037639  113.38865515
120 H-1
111  22.02037639  113.38865515 1 101
112  22.02052044  113.38889917  22.02053552  113.38903758 1 101
115  22.02047857  113.38914844
120 H-2
111  21.99546542  113.36218781 1 101
112  21.99520026  113.36202545  21.99510509  113.36200707 1 101
115  21.99496915  113.36204527
120 H-3
111  21.99496915  113.36204527 1 101
115  21.99419916  113.36288311
120 H-4
111  21.99419916  113.36288311 1 101
112  21.99412363  113.36317847  21.99414096  113.36332054 1 101
115  21.99429355  113.36346295
120 Linear Feature 2
111  22.00957899  113.37419072 1
112  22.00950622  113.37392783  22.00949622  113.37379193 1
115  22.00953576  113.37365960
120 Linear Feature 1
111  22.01011623  113.37444931 1
111  22.00957899  113.37419072 1
112  22.00920622  113.37415865  22.00905222  113.37417591 1
115  22.00898796  113.37425567
120 A11
111  22.01106376  113.37319393 1
115  22.01070145  113.37280899
120 A11-1
111  22.01070145  113.37280899 1
112  22.01050925  113.37276135  22.01041145  113.37276553 1
115  22.01031829  113.37280811
120 A11-2
111  22.01031962  113.37322447 1
112  22.01028254  113.37301662  22.01028645  113.37292801 1
115  22.01031829  113.37280811
120 A13
111  22.01068193  113.37360941 1
115  22.01031962  113.37322447
120 A13-1
111  22.01031962  113.37322447 1
112  22.01013619  113.37316285  22.00999927  113.37316707 1
115  22.00994293  113.37321655
120 A13-2
111  22.00992594  113.37365284 1
112  22.00988113  113.37344341  22.00988979  113.37330124 1
115  22.00994293  113.37321655
120 A15
111  22.01028824  113.37403778 1
115  22.00992594  113.37365284
120 A15-1
111  22.00992594  113.37365284 1
112  22.00972840  113.37359616  22.00961295  113.37360145 1
115  22.00953576  113.37365960
120 A14-1
111  22.01164336  113.37511547 1
112  22.01185539  113.37515097  22.01201736  113.37514055 1
115  22.01208894  113.37505786
120 A12-1
111  22.01213716  113.37457815 1
112  22.01233609  113.37462697  22.01250260  113.37462146 1
115  22.01254630  113.37456019
120 A14
111  22.01112710  113.37456696 1
111  22.01164336  113.37511547 1
112  22.01167296  113.37538186  22.01165251  113.37554247 1
115  22.01156266  113.37563051
120 A12
111  22.01162090  113.37402964 1
111  22.01213716  113.37457815 1
112  22.01216597  113.37483825  22.01214892  113.37497617 1
115  22.01208894  113.37505786
120 A10
111  22.01204187  113.37357157 1
111  22.01255813  113.37412008 1
112  22.01261423  113.37434806  22.01260292  113.37450345 1
115  22.01254630  113.37456019
120 A16
111  22.01076504  113.37552726 1
112  22.01095087  113.37616035  22.01097288  113.37627468 1
115  22.01092995  113.37631898
120 A16
111  22.01059462  113.37487768 1
111  22.01076504  113.37552726 1
112  22.01113888  113.37580657  22.01138287  113.37582814 1
115  22.01156266  113.37563051
120 A4-1
111  22.00993105  113.37281162 1
112  22.00999804  113.37301629  22.00999804  113.37314166 1
115  22.00994293  113.37321655
120 A4-2
111  22.00993105  113.37281162 1
112  22.01012479  113.37284862  22.01028236  113.37285115 1
115  22.01031829  113.37280811
120 A4
111  22.00993105  113.37281162 1
115  22.00955530  113.37241239
120 A2-1
111  22.01031288  113.37239614 1
112  22.01035994  113.37260223  22.01035301  113.37273799 1
115  22.01031829  113.37280811
120 A2
111  22.00993712  113.37199690 1
115  22.01031288  113.37239614
120 A6-1
111  22.00958451  113.37318869 1
112  22.00976182  113.37326159  22.00986399  113.37326875 1
115  22.00994293  113.37321655
120 A6-2
111  22.00958451  113.37318869 1
112  22.00961748  113.37344028  22.00959672  113.37360284 1
115  22.00953576  113.37365960
120 A6
111  22.00920876  113.37278946 1
115  22.00958451  113.37318869
120 A7-1
111  22.00816642  113.37167373 1
112  22.00811438  113.37144918  22.00812172  113.37131496 1
115  22.00819153  113.37124130
120 A5-1
111  22.00859013  113.37121268 1
112  22.00854400  113.37101254  22.00853886  113.37089892 1
115  22.00858135  113.37081712
120 A3-1
111  22.00894937  113.37082178 1
112  22.00890852  113.37062502  22.00890567  113.37050160 1
115  22.00894892  113.37041716
120 A7
111  22.00854557  113.37207657 1
111  22.00816642  113.37167373 1
112  22.00797101  113.37162263  22.00786264  113.37162808 1
115  22.00777761  113.37169169
120 A5
111  22.00896928  113.37161553 1
111  22.00859013  113.37121268 1
112  22.00840073  113.37116003  22.00830145  113.37115865 1
115  22.00819153  113.37124130
120 A3
111  22.00932853  113.37122462 1
111  22.00894937  113.37082178 1
112  22.00877094  113.37076469  22.00866073  113.37076439 1
115  22.00858135  113.37081712
120 A1
111  22.00970442  113.37081561 1
111  22.00932526  113.37041277 1
112  22.00913444  113.37035410  22.00900449  113.37035241 1
115  22.00894892  113.37041716
120 A9-K
111  22.00835170  113.37246690 1
111  22.00774751  113.37223636 1
112  22.00735671  113.37225397  22.00718749  113.37232965 1
115  22.00698491  113.37255424
120 A9-K
111  22.00774751  113.37223636 1
112  22.00765537  113.37197618  22.00765488  113.37182550 1
115  22.00777761  113.37169169
120 Linear Feature 1
111  22.00884200  113.37295648 1
111  22.00899683  113.37353303 1
112  22.00904566  113.37401265  22.00903268  113.37416863 1
115  22.00898796  113.37425567
120 Linear Feature 2
111  22.00899683  113.37353303 1
112  22.00925361  113.37372570  22.00939977  113.37375869 1
115  22.00953576  113.37365960
120 Linear Feature 12
111  22.00835524  113.37427194 1
112  22.00839885  113.37476750  22.00840877  113.37489547 1
115  22.00831845  113.37498418
120 Linear Feature 11
111  22.00851833  113.37375669 1
112  22.00838833  113.37372065  22.00831723  113.37374255 1
115  22.00830873  113.37380664
120 Linear Feature 10
111  22.00825174  113.37347345 1
112  22.00830873  113.37380664  22.00833678  113.37409750 1
111  22.00835524  113.37427194 1
112  22.00821056  113.37442445  22.00809933  113.37444455 1
115  22.00804151  113.37437563
120 Linear Feature 9
111  22.00795555  113.37384728 1
112  22.00799482  113.37422666  22.00800992  113.37431973 1
115  22.00804151  113.37437563
120 Linear Feature 8
111  22.00808432  113.37329557 1
112  22.00797597  113.37328837  22.00792611  113.37330689 1
115  22.00790905  113.37338198
120 Linear Feature 7
111  22.00785730  113.37305437 1
112  22.00790905  113.37338198  22.00793753  113.37368634 1
111  22.00795555  113.37384728 1
112  22.00782418  113.37399937  22.00770250  113.37402283 1
115  22.00764143  113.37395058
120 Linear Feature 5
111  22.00754789  113.37341414 1
112  22.00758874  113.37381727  22.00761031  113.37393826 1
115  22.00764143  113.37395058
120 Linear Feature 4
111  22.00768216  113.37286829 1
112  22.00756932  113.37286558  22.00751107  113.37289350 1
115  22.00750138  113.37294884
120 279
111  22.00745366  113.37262551 1
112  22.00750138  113.37294884  22.00753571  113.37326258 1
111  22.00754789  113.37341414 1
112  22.00743879  113.37357228  22.00732678  113.37360718 1
115  22.00726574  113.37355142
120 Linear Feature 23
111  22.00999403  113.37532460 1
112  22.01003464  113.37545821  22.01001843  113.37552043 1
111  22.00994122  113.37554112 1
111  22.00950347  113.37549190 1
116  22.00900355  113.37539780  22.00894206  113.37532999
120 Linear Feature 25
111  22.01044351  113.37580216 1
112  22.01048117  113.37593805  22.01046055  113.37600275 1
111  22.01038138  113.37600878 1
111  22.00994363  113.37595956 1
116  22.00944001  113.37586153  22.00937406  113.37578861
120 Linear Feature 20
111  22.00953302  113.37483477 1
112  22.00957271  113.37497634  22.00955085  113.37504915 1
111  22.00948701  113.37505852 1
112  22.00904925  113.37500931  22.00863418  113.37496149 1
115  22.00845973  113.37493402
120 Linear Feature 28
111  22.00994363  113.37595956 1
112  22.00973802  113.37603807  22.00970508  113.37613033 1
115  22.00975959  113.37620107
120 Linear Feature 27
111  22.00950347  113.37549190 1
112  22.00930493  113.37556290  22.00926211  113.37564120 1
115  22.00929516  113.37570763
120 Linear Feature 26
111  22.01038138  113.37600878 1
116  22.01073129  113.37610791  22.01081252  113.37619552
120 Linear Feature 24
111  22.00994122  113.37554112 1
116  22.01028134  113.37562985  22.01033932  113.37569327
120 Linear Feature 22
111  22.00904925  113.37500931 1
112  22.00885288  113.37506461  22.00880870  113.37513541 1
115  22.00883406  113.37521772
120 Linear Feature 21
111  22.00948910  113.37505821 1
116  22.00981521  113.37513460  22.00986598  113.37518773
120 I
111  22.01026043  113.37704749 1 101
115  22.01011017  113.37721099
120 J-H
111  22.00816819  113.37514768 1 101
112  22.00807793  113.37538703  22.00807126  113.37552800 1 101
115  22.00811298  113.37562556
120 J-H
111  22.00816819  113.37514768 1 101
112  22.00797072  113.37524894  22.00784816  113.37526453 1 101
115  22.00772441  113.37521271
120 J
111  22.01031829  113.37280811 1 101
111  22.00994293  113.37321655 1 101
115  22.00918738  113.37403868
120 K
111  22.00738180  113.37212238 1 101
111  22.00777761  113.37169169 1 101
111  22.00819153  113.37124130 1 101
111  22.00858135  113.37081712 1 101
115  22.00894892  113.37041716
120 K-H
111  22.00636358  113.37323033 1 101
112  22.00627125  113.37346359  22.00625896  113.37357757 1 101
115  22.00630247  113.37370193
120 K-H
111  22.00636358  113.37323033 1 101
112  22.00613297  113.37333165  22.00603566  113.37334158 1 101
115  22.00591547  113.37329075
120 I-H
111  22.01011017  113.37721099 1 101
112  22.01002996  113.37743145  22.01001338  113.37756937 1 101
115  22.01004053  113.37767354
120 I-H
111  22.01011017  113.37721099 1 101
112  22.00989992  113.37729533  22.00978175  113.37730969 1 101
115  22.00966203  113.37727139
120 I
111  22.01254630  113.37456019 1 101
111  22.01208894  113.37505786 1 101
111  22.01156266  113.37563051 1 101
115  22.01112936  113.37610199
120 S2
111  22.01025761  113.37673020 1 101
112  22.01030335  113.37688463  22.01030335  113.37697367 1 101
115  22.01026043  113.37704749
120 I
111  22.01112936  113.37610199 1 101
111  22.01092995  113.37631898 1 101
111  22.01073110  113.37653535 1 101
111  22.01055164  113.37673063 1 101
115  22.01026043  113.37704749
120 J
111  22.00861404  113.37498395 1 101
112  22.00845973  113.37493402  22.00838445  113.37493196 1 101
115  22.00831845  113.37498418
120 J
111  22.00860965  113.37466731 1 101
112  22.00857975  113.37481440  22.00858007  113.37489100 1 101
115  22.00861404  113.37498395
120 J
111  22.00831513  113.37466637 1 101
112  22.00836237  113.37482661  22.00836404  113.37490703 1 101
115  22.00831845  113.37498418
120 J
111  22.00860965  113.37466731 1 101
112  22.00846654  113.37469722  22.00839445  113.37469568 1 101
115  22.00831513  113.37466637
120 J
111  22.00831845  113.37498418 1 101
115  22.00816819  113.37514768
120 J
111  22.00918738  113.37403868 1 101
111  22.00898796  113.37425567 1 101
111  22.00878911  113.37447204 1 101
111  22.00860965  113.37466731 1 101
115  22.00831845  113.37498418
120 S1
111  22.01073129  113.37610791 1 101
112  22.01078527  113.37631077  22.01078643  113.37642160 1 101
115  22.01073110  113.37653535
120 J
111  22.00878911  113.37447204 1 101
112  22.00898281  113.37440896  22.00906588  113.37440545 1 101
115  22.00918223  113.37446208
120 J
111  22.00879366  113.37404923 1 101
112  22.00885129  113.37426718  22.00884832  113.37440661 1 101
115  22.00878911  113.37447204
120 J
111  22.00918738  113.37403868 1 101
112  22.00914705  113.37424503  22.00914505  113.37436220 1 101
115  22.00918223  113.37446208
120 J
111  22.00879366  113.37404923 1 101
112  22.00900726  113.37409827  22.00910533  113.37409559 1 101
115  22.00918738  113.37403868
120 K
111  22.00651536  113.37306517 1 101
112  22.00668866  113.37303607  22.00680277  113.37305445 1 101
115  22.00684835  113.37310795
120 S2
111  22.00680460  113.37275044 1 101
112  22.00677973  113.37292705  22.00679203  113.37303096 1 101
111  22.00684835  113.37310795 1 101
111  22.00726574  113.37355142 1 101
115  22.00764143  113.37395058
120 S1
111  22.00698491  113.37255424 1 101
112  22.00719714  113.37250020  22.00733789  113.37250239 1 101
115  22.00738423  113.37255174
120 S1
111  22.00738180  113.37212238 1 101
112  22.00731465  113.37234463  22.00731457  113.37243909 1 101
111  22.00738423  113.37255174 1 101
111  22.00745366  113.37262551 1 101
115  22.00768216  113.37286829
120 K
111  22.00738180  113.37212238 1 101
111  22.00698491  113.37255424 1 101
111  22.00680460  113.37275044 1 101
111  22.00651536  113.37306517 1 101
115  22.00636358  113.37323033
120 S2
111  22.00831513  113.37466637 1 101
111  22.00861404  113.37498395 1 101
115  22.00883406  113.37521772
120 S1
111  22.00879366  113.37404923 1 101
111  22.00918223  113.37446208 1 101
115  22.00953302  113.37483477
120 S2
111  22.00764143  113.37395058 1 101
111  22.00804151  113.37437563 1 101
115  22.00831513  113.37466637
120 S1
111  22.00768216  113.37286829 1 101
111  22.00785730  113.37305437 1 101
111  22.00808432  113.37329557 1 101
111  22.00825174  113.37347345 1 101
111  22.00851833  113.37375669 1 101
115  22.00879366  113.37404923
120 S1
111  22.00953302  113.37483477 1 101
111  22.00981521  113.37513460 1 101
111  22.00999403  113.37532460 1 101
111  22.01028134  113.37562985 1 101
111  22.01044351  113.37580216 1 101
115  22.01073129  113.37610791
120 S2
111  22.00883406  113.37521772 1 101
111  22.00900355  113.37539780 1 101
111  22.00929516  113.37570763 1 101
111  22.00944001  113.37586153 1 101
111  22.00975959  113.37620107 1 101
111  22.01025761  113.37673020 1 101
112  22.01039928  113.37676969  22.01049959  113.37677058 1 101
115  22.01055164  113.37673063
120 S1
111  22.01073129  113.37610791 1 101
112  22.01091074  113.37615439  22.01102919  113.37615297 1 101
115  22.01112936  113.37610199
120 A
111  22.02025679  113.38955253 54 103
115  22.02006834  113.38935230
120 H
112  21.99560479  113.36336034  21.99560639  113.36336379 54 103
115  21.99538118  113.36312276
120 H
111  21.99478431  113.36248860 54 103
115  21.99459606  113.36228859
120 B
111  22.01947561  113.38872254 54 103
115  22.01924554  113.38847809
120 C
111  22.01299878  113.38203486 54 103
115  22.01305501  113.38177368
120 D
111  22.00848152  113.37722250 54 103
115  22.00854752  113.37698314
120 E
111  22.00451586  113.37270174 54 103
115  22.00426375  113.37279820
120 F
111  22.00002697  113.36793246 54 103
115  21.99977731  113.36800255
120 Linear Feature 227
111  22.00595134  113.37314758 1
115  22.00597454  113.37308808
120 Linear Feature 226
111  22.00617349  113.37314660 1
115  22.00614497  113.37307818
120 Linear Feature 225
111  22.00630183  113.37304628 1
115  22.00625235  113.37298993
120 Linear Feature 224
111  22.00655073  113.37352145 1
115  22.00662112  113.37348652
120 Linear Feature 223
111  22.00652188  113.37338664 1
115  22.00660335  113.37339119
120 Linear Feature 222
111  22.00656108  113.37327980 1
115  22.00661584  113.37332436
120 Linear Feature 221
111  22.00670615  113.37321711 1
115  22.00670807  113.37328809
120 Linear Feature 220
111  22.00683584  113.37325079 1
115  22.00680078  113.37331037
120 Linear Feature 206
111  22.00980844  113.37705496 1
115  22.00984457  113.37699747
120 Linear Feature 205
111  22.00992515  113.37709757 1
115  22.00992008  113.37702047
120 Linear Feature 204
111  22.01002857  113.37704462 1
115  22.00998361  113.37698559
120 Linear Feature 203
111  22.01009140  113.37690874 1
115  22.01001231  113.37690607
120 Linear Feature 202
111  22.01006885  113.37679872 1
115  22.00999444  113.37683830
120 Linear Feature 201
111  22.00611972  113.37568977 1
115  22.00614992  113.37564002
120 Linear Feature 200
111  22.00623477  113.37576935 1
115  22.00626463  113.37571987
120 Linear Feature 199
111  22.00634260  113.37584290 1
115  22.00637408  113.37578581
120 Linear Feature 198
111  22.00645299  113.37591848 1
115  22.00648656  113.37586483
120 Linear Feature 197
111  22.00655891  113.37599100 1
115  22.00658933  113.37594119
120 Linear Feature 196
111  22.00666832  113.37606590 1
115  22.00670026  113.37601529
120 Linear Feature 195
111  22.00677384  113.37613827 1
115  22.00680704  113.37608794
120 Linear Feature 194
111  22.00688750  113.37621623 1
115  22.00692048  113.37616304
120 Linear Feature 193
111  22.00699838  113.37629173 1
115  22.00703487  113.37623284
120 Linear Feature 192
111  22.00710954  113.37636744 1
115  22.00714666  113.37630403
120 Linear Feature 191
111  22.00722179  113.37644324 1
115  22.00726149  113.37637475
120 Linear Feature 190
111  22.00733285  113.37651769 1
115  22.00737170  113.37644513
120 Linear Feature 189
111  22.00744367  113.37658475 1
115  22.00748215  113.37650471
120 Linear Feature 188
111  22.00755381  113.37664377 1
115  22.00759075  113.37656769
120 Linear Feature 187
111  22.00766806  113.37670075 1
115  22.00770034  113.37662303
120 Linear Feature 186
111  22.00778507  113.37675484 1
115  22.00781562  113.37668148
120 Linear Feature 185
111  22.00790642  113.37680658 1
115  22.00793542  113.37673277
120 Linear Feature 184
111  22.00802861  113.37685073 1
115  22.00805311  113.37677422
120 Linear Feature 183
111  22.00856301  113.37698465 1
115  22.00856547  113.37691239
120 Linear Feature 182
111  22.00870103  113.37697207 1
115  22.00868844  113.37691187
120 Linear Feature 181
111  22.00880949  113.37690876 1
115  22.00875905  113.37685643
120 Linear Feature 180
111  22.00886473  113.37679840 1
115  22.00879988  113.37678700
120 Linear Feature 179
111  22.00884502  113.37667363 1
115  22.00879412  113.37668908
120 Linear Feature 178
111  22.00879031  113.37657740 1
115  22.00874752  113.37661292
120 Linear Feature 177
111  22.00941166  113.37746972 1
115  22.00938803  113.37754993
120 Linear Feature 176
111  22.00953854  113.37753521 1
115  22.00950965  113.37759656
120 Linear Feature 175
111  22.00964526  113.37759315 1
115  22.00961745  113.37765562
120 Linear Feature 174
111  22.00975118  113.37765521 1
115  22.00972178  113.37770971
120 Linear Feature 173
111  22.00984651  113.37772909 1
115  22.00981401  113.37777748
120 Linear Feature 172
111  22.00993909  113.37781378 1
115  22.00990335  113.37785706
120 Linear Feature 171
111  22.01003703  113.37790889 1
115  22.00999848  113.37795483
120 Linear Feature 170
111  22.01011651  113.37798990 1
115  22.01007803  113.37803392
120 Linear Feature 169
111  22.01019472  113.37806942 1
115  22.01015343  113.37811226
120 Linear Feature 168
111  22.01027834  113.37815738 1
115  22.01023436  113.37820104
120 Linear Feature 165
111  22.01065655  113.38051132 1
115  22.01070589  113.38044218
120 Linear Feature 164
111  22.01076404  113.38059554 1
115  22.01080815  113.38052836
120 Linear Feature 163
111  22.01086544  113.38067384 1
115  22.01091444  113.38060732
120 Linear Feature 162
111  22.01097212  113.38075525 1
115  22.01101210  113.38069967
120 Linear Feature 161
111  22.01107941  113.38083562 1
115  22.01111270  113.38078570
120 Linear Feature 160
111  22.01118798  113.38091685 1
115  22.01121600  113.38087379
120 Linear Feature 159
111  22.01129428  113.38099466 1
115  22.01132130  113.38095518
120 Linear Feature 158
111  22.01140209  113.38107238 1
115  22.01143088  113.38102880
120 Linear Feature 157
111  22.01151349  113.38115012 1
115  22.01154674  113.38109374
120 Linear Feature 156
111  22.01162431  113.38122348 1
115  22.01165652  113.38117109
120 Linear Feature 155
111  22.01173646  113.38129234 1
115  22.01176852  113.38123441
120 Linear Feature 154
111  22.01186102  113.38134764 1
115  22.01189379  113.38128285
120 Linear Feature 153
111  22.01197903  113.38140252 1
115  22.01200323  113.38134932
120 Linear Feature 152
111  22.01209574  113.38145995 1
115  22.01212426  113.38139689
120 Linear Feature 151
111  22.01221727  113.38152045 1
115  22.01224340  113.38146446
120 Linear Feature 150
111  22.01233219  113.38157137 1
115  22.01235937  113.38150203
120 Linear Feature 149
111  22.01245749  113.38161358 1
115  22.01247830  113.38153953
120 Linear Feature 148
111  22.01259311  113.38165576 1
115  22.01261350  113.38158705
120 Linear Feature 147
111  22.01304187  113.38177047 1
115  22.01304920  113.38169099
120 Linear Feature 146
111  22.01314663  113.38176163 1
115  22.01313015  113.38168842
120 Linear Feature 145
111  22.01324571  113.38170456 1
115  22.01320537  113.38165282
120 Linear Feature 144
111  22.01331163  113.38159976 1
115  22.01324411  113.38158125
120 Linear Feature 143
111  22.01331898  113.38149524 1
115  22.01325548  113.38149859
120 Linear Feature 142
111  22.01328926  113.38137026 1
115  22.01321974  113.38139870
120 Linear Feature 139
111  22.01199704  113.38184654 1
115  22.01193820  113.38182207
120 Linear Feature 138
112  22.01204358  113.38177836  22.01204358  113.38178059 1
115  22.01204309  113.38182879
120 Linear Feature 137
111  22.01297840  113.38203245 1
115  22.01296320  113.38210294
120 Linear Feature 136
111  22.01309798  113.38204721 1
115  22.01309499  113.38210566
120 Linear Feature 135
111  22.01322298  113.38203442 1
115  22.01324233  113.38210864
120 Linear Feature 134
111  22.01332731  113.38198024 1
115  22.01335932  113.38205264
120 Linear Feature 133
111  22.01342558  113.38190571 1
115  22.01347051  113.38196221
120 Linear Feature 132
111  22.01353667  113.38185512 1
115  22.01354764  113.38190941
120 Linear Feature 131
111  22.01364965  113.38184766 1
115  22.01364289  113.38189997
120 Linear Feature 130
111  22.01374976  113.38187682 1
115  22.01373438  113.38191481
120 Linear Feature 129
111  22.01383389  113.38193496 1
115  22.01381105  113.38196268
120 Linear Feature 118
111  22.02028954  113.38907542 1
115  22.02024200  113.38905303
120 Linear Feature 117
111  22.02031787  113.38897256 1
115  22.02026909  113.38896479
120 Linear Feature 116
111  22.02031258  113.38885752 1
115  22.02026669  113.38886841
120 Linear Feature 115
111  22.02027245  113.38877618 1
115  22.02023739  113.38880624
120 Linear Feature 114
111  22.01969315  113.38848768 1
115  22.01974019  113.38855427
120 Linear Feature 113
111  22.01982774  113.38843685 1
115  22.01982852  113.38850340
120 Linear Feature 112
111  22.01993303  113.38845613 1
115  22.01991658  113.38850983
120 Linear Feature 111
111  22.02002685  113.38851486 1
115  22.01999535  113.38855128
120 Linear Feature 110
111  22.01845147  113.38879746 1
115  22.01851185  113.38874102
120 Linear Feature 109
111  22.01859422  113.38889524 1
115  22.01861532  113.38881932
120 Linear Feature 108
111  22.01875068  113.38891015 1
115  22.01873827  113.38883239
120 Linear Feature 107
111  22.01888631  113.38885081 1
115  22.01884769  113.38878304
120 Linear Feature 106
111  22.01898166  113.38876824 1
115  22.01893227  113.38871074
120 Linear Feature 105
111  22.01945561  113.38824387 1
115  22.01941187  113.38820753
120 Linear Feature 104
111  22.01949785  113.38814242 1
115  22.01945102  113.38812838
120 Linear Feature 103
111  22.01950141  113.38802466 1
115  22.01945604  113.38803627
120 Linear Feature 102
111  22.01945066  113.38791824 1
115  22.01941425  113.38794404
120 Linear Feature 97
111  22.00489840  113.37244126 1
115  22.00486979  113.37247409
120 Linear Feature 96
111  22.00482382  113.37237670 1
115  22.00480137  113.37242934
120 Linear Feature 95
111  22.00471158  113.37240382 1
115  22.00471131  113.37234387
120 Linear Feature 94
111  22.00462003  113.37246020 1
115  22.00456548  113.37240261
120 Linear Feature 93
111  22.00458206  113.37256175 1
115  22.00450697  113.37255985
120 Linear Feature 92
111  22.00458025  113.37267687 1
115  22.00451558  113.37269698
120 Linear Feature 91
111  22.00472196  113.37316024 1
115  22.00466287  113.37318269
120 Linear Feature 90
112  22.00475776  113.37327361  22.00475577  113.37327468 1
115  22.00469743  113.37329579
120 Linear Feature 89
111  22.00480387  113.37341621 1
115  22.00474176  113.37343573
120 Linear Feature 88
111  22.00484410  113.37353138 1
115  22.00477944  113.37355505
120 Linear Feature 87
111  22.00488896  113.37366944 1
115  22.00482735  113.37369685
120 Linear Feature 86
112  22.00493314  113.37379948  22.00493175  113.37380023 1
115  22.00487330  113.37382746
120 Linear Feature 85
111  22.00498078  113.37393588 1
115  22.00492580  113.37396392
120 Linear Feature 84
111  22.00503845  113.37407370 1
115  22.00498692  113.37410507
120 Linear Feature 83
111  22.00510749  113.37418979 1
115  22.00505273  113.37422702
120 Linear Feature 82
111  22.00518005  113.37430868 1
115  22.00512483  113.37434945
120 Linear Feature 81
111  22.00526509  113.37440775 1
115  22.00519592  113.37445998
120 Linear Feature 80
111  22.00531961  113.37453562 1
115  22.00526892  113.37457866
120 Linear Feature 79
111  22.00539559  113.37465506 1
115  22.00534538  113.37469782
120 Linear Feature 78
111  22.00546954  113.37478228 1
115  22.00542412  113.37481855
120 Linear Feature 77
111  22.00554830  113.37489676 1
115  22.00550144  113.37493425
120 Linear Feature 76
111  22.00562092  113.37501669 1
115  22.00558024  113.37505453
120 Linear Feature 75
111  22.00570467  113.37513153 1
115  22.00565997  113.37517193
120 Linear Feature 74
111  22.00574769  113.37530196 1
115  22.00578396  113.37526769
120 Linear Feature 73
111  22.00439446  113.37375692 1
115  22.00435986  113.37382272
120 Linear Feature 72
111  22.00450974  113.37380596 1
115  22.00448011  113.37374549
120 Linear Feature 71
111  22.00454640  113.37370265 1
115  22.00449048  113.37371415
120 Linear Feature 70
111  22.00425523  113.37276919 1
115  22.00418242  113.37278822
120 Linear Feature 69
111  22.00422884  113.37263261 1
115  22.00416775  113.37263846
120 Linear Feature 68
111  22.00424593  113.37248359 1
115  22.00418713  113.37246793
120 Linear Feature 67
111  22.00429616  113.37236374 1
115  22.00424572  113.37232963
120 Linear Feature 66
111  22.00436834  113.37224370 1
115  22.00432336  113.37220269
120 Linear Feature 65
111  22.00442550  113.37213057 1
115  22.00438446  113.37210844
120 Linear Feature 64
111  22.00443950  113.37202480 1
115  22.00439718  113.37202789
120 Linear Feature 63
111  22.00439875  113.37192479 1
115  22.00436211  113.37194551
120 Linear Feature 62
111  22.00434222  113.37184999 1
115  22.00431600  113.37187868
120 Linear Feature 61
111  21.99614607  113.36314993 1
115  21.99611685  113.36319267
120 Linear Feature 60
111  21.99606096  113.36310321 1
115  21.99604767  113.36315633
120 Linear Feature 59
111  21.99594720  113.36308228 1
115  21.99595660  113.36314688
120 Linear Feature 58
111  21.99583659  113.36311928 1
115  21.99587359  113.36318853
120 Linear Feature 57
111  21.99534522  113.36423694 1
115  21.99540398  113.36416604
120 Linear Feature 56
111  21.99525103  113.36409176 1
115  21.99534580  113.36405670
120 Linear Feature 55
111  21.99523174  113.36392248 1
115  21.99532445  113.36392248
120 Linear Feature 54
111  21.99525960  113.36376862 1
115  21.99534078  113.36379452
120 Linear Feature 53
111  21.99535279  113.36363392 1
115  21.99540659  113.36368987
120 Linear Feature 52
111  21.99558611  113.36254593 1
115  21.99555332  113.36258375
120 Linear Feature 51
111  21.99565286  113.36264478 1
115  21.99560317  113.36265938
120 Linear Feature 50
111  21.99565474  113.36277120 1
115  21.99560125  113.36275802
120 Linear Feature 49
111  21.99559917  113.36288410 1
115  21.99555559  113.36283412
120 Linear Feature 48
111  21.99512182  113.36340474 1
115  21.99508792  113.36335625
120 Linear Feature 47
111  21.99501944  113.36349724 1
115  21.99498956  113.36345099
120 Linear Feature 46
111  21.99489217  113.36356513 1
115  21.99487405  113.36351365
120 Linear Feature 45
111  21.99474673  113.36356116 1
115  21.99476450  113.36350219
120 Linear Feature 44
111  21.99461415  113.36346325 1
115  21.99466543  113.36341011
120 Linear Feature 43
111  21.99454362  113.36328600 1
115  21.99449503  113.36333684
120 Linear Feature 42
111  21.99441769  113.36320215 1
115  21.99448355  113.36318397
120 Linear Feature 41
111  21.99439975  113.36305446 1
115  21.99446892  113.36305446
120 Linear Feature 40
111  21.99443261  113.36291893 1
115  21.99449947  113.36294442
120 Linear Feature 39
111  21.99450745  113.36279097 1
115  21.99455788  113.36284122
120 Linear Feature 38
111  22.00128760  113.37055596 1
115  22.00133124  113.37051127
120 Linear Feature 37
111  22.00119773  113.37044625 1
115  22.00124949  113.37039413
120 Linear Feature 36
111  22.00111388  113.37033098 1
115  22.00115748  113.37028764
120 Linear Feature 35
111  22.00103531  113.37022074 1
115  22.00107989  113.37017707
120 Linear Feature 34
111  22.00095610  113.37011056 1
115  22.00099534  113.37006967
120 Linear Feature 33
111  22.00087616  113.36999827 1
115  22.00092328  113.36995803
120 Linear Feature 32
111  22.00079980  113.36989027 1
115  22.00085067  113.36984779
120 Linear Feature 31
111  22.00071821  113.36977219 1
115  22.00077810  113.36972845
120 Linear Feature 30
111  22.00064297  113.36965746 1
115  22.00071868  113.36960778
120 Linear Feature 29
111  22.00057886  113.36955222 1
115  22.00064639  113.36950753
120 Linear Feature 28
111  22.00051891  113.36941995 1
115  22.00059475  113.36938056
120 Linear Feature 27
111  22.00046371  113.36928928 1
115  22.00053485  113.36925358
120 Linear Feature 26
111  22.00040910  113.36915500 1
115  22.00047082  113.36912438
120 Linear Feature 25
111  22.00035735  113.36902323 1
115  22.00042125  113.36899740
120 Linear Feature 24
111  22.00031169  113.36888618 1
115  22.00037995  113.36885706
120 Linear Feature 23
111  22.00026812  113.36875439 1
115  22.00032831  113.36873009
120 Linear Feature 22
111  22.00022517  113.36862597 1
115  22.00029320  113.36860089
120 Linear Feature 21
112  22.00018153  113.36849475  22.00018359  113.36849475 1
115  22.00026295  113.36846945
120 Linear Feature 20
111  22.00002565  113.36791623 1
115  22.00011266  113.36790469
120 Linear Feature 19
111  22.00002792  113.36779092 1
115  22.00011516  113.36780507
120 Linear Feature 18
111  22.00008369  113.36764954 1
115  22.00015169  113.36773050
120 Linear Feature 17
111  22.00021563  113.36760170 1
115  22.00021880  113.36768942
120 Linear Feature 16
111  22.00031909  113.36762626 1
115  22.00030234  113.36769392
120 Linear Feature 15
111  22.00041599  113.36767875 1
115  22.00036882  113.36773700
120 Linear Feature 14
111  21.99977062  113.36799603 1
115  21.99968150  113.36801940
120 Linear Feature 13
111  21.99975713  113.36786435 1
115  21.99967101  113.36786734
120 Linear Feature 12
111  21.99976406  113.36772830 1
115  21.99968470  113.36771621
120 Linear Feature 11
111  21.99980808  113.36759728 1
115  21.99973995  113.36756084
120 Linear Feature 10
111  21.99988442  113.36746921 1
115  21.99982042  113.36742328
120 Linear Feature 9
111  21.99993997  113.36736571 1
115  21.99988141  113.36733861
120 Linear Feature 8
111  21.99984911  113.36707620 1
115  21.99980980  113.36711809
120 Linear Feature 7
111  21.99990875  113.36715011 1
115  21.99986870  113.36717920
120 Linear Feature 6
111  21.99995987  113.36725691 1
115  21.99990265  113.36726180
120 Linear Feature 128
111  22.01979798  113.38964508 1
115  22.01975156  113.38959435
120 Linear Feature 127
111  22.01969485  113.38973959 1
115  22.01965679  113.38967046
120 Linear Feature 126
111  22.01956505  113.38980702 1
115  22.01955283  113.38972163
120 Linear Feature 125
111  22.01940270  113.38978830 1
115  22.01943626  113.38970185
120 Linear Feature 124
111  22.01928482  113.38968452 1
115  22.01934357  113.38961306
120 Linear Feature 123
111  22.01917375  113.38956743 1
115  22.01923280  113.38950504
120 Linear Feature 122
111  22.01908473  113.38943534 1
115  22.01916498  113.38940699
120 Linear Feature 121
111  22.01906398  113.38928567 1
115  22.01914838  113.38929432
120 Linear Feature 120
111  22.01911823  113.38913945 1
115  22.01918779  113.38917614
120 Linear Feature 119
111  22.01919808  113.38902078 1
115  22.01925359  113.38907977
120 Linear Feature 141
111  22.01197385  113.38191713 1
115  22.01200970  113.38188037
120 Linear Feature 219
111  22.00782449  113.37503048 1
115  22.00785725  113.37497182
120 Linear Feature 218
111  22.00792401  113.37507855 1
115  22.00793830  113.37500992
120 Linear Feature 217
111  22.00806764  113.37500343 1
115  22.00802633  113.37495835
120 Linear Feature 216
111  22.00812134  113.37485920 1
115  22.00806079  113.37485744
120 Linear Feature 215
111  22.00808553  113.37472029 1
115  22.00802592  113.37475904
120 Linear Feature 214
111  22.01019470  113.37754349 1
115  22.01014216  113.37755189
120 Linear Feature 213
111  22.01020351  113.37737526 1
115  22.01023863  113.37741288
120 Linear Feature 212
111  22.01028106  113.37728719 1
115  22.01031709  113.37732656
120 Linear Feature 211
111  22.00832652  113.37550188 1
115  22.00837886  113.37545637
120 Linear Feature 210
111  22.00827914  113.37537212 1
115  22.00835580  113.37536995
120 Linear Feature 209
111  22.00832486  113.37524809 1
115  22.00838059  113.37529223
120 Linear Feature 208
111  22.00846724  113.37515462 1
115  22.00846820  113.37526052
120 Linear Feature 207
111  22.00858185  113.37521856 1
115  22.00853564  113.37527980
21  22.01681923  113.38806056 2 224.6 3.00 23
21  21.99669928  113.36527447 2 44.6 3.00 05
20  22.01187387  113.37339308 224.6 0 2 {@Y}A10{@@,@L}A10
20  22.01123701  113.37337800 44.0 0 2 {@Y}A11{@@,@L}A11
20  22.01145290  113.37385114 224.6 0 2 {@Y}A12{@@,@L}A12
20  22.01085517  113.37379348 44.0 0 2 {@Y}A13{@@,@L}A13
20  22.01095910  113.37438846 224.0 0 2 {@Y}A14{@@,@L}A14
20  22.01046149  113.37422185 44.0 0 2 {@Y}A15{@@,@L}A15
20  22.01055481  113.37467293 254.2 0 2 {@Y}A16{@@,@L}A16
20  22.01034172  113.37452043 24.0 0 2 {@Y}A17{@@,@L}A17
20  22.00985868  113.37097951 44.6 0 2 {@Y}A1{@@,@L}A1
20  22.00977605  113.37182576 224.0 0 2 {@Y}A2{@@,@L}A2
20  22.00948279  113.37138852 44.6 0 2 {@Y}A3{@@,@L}A3
20  22.00939421  113.37224124 224.0 0 2 {@Y}A4{@@,@L}A4
20  22.00912354  113.37177943 44.6 0 2 {@Y}A5{@@,@L}A5
20  22.00904767  113.37261832 224.0 0 2 {@Y}A6{@@,@L}A6
20  22.00869983  113.37224047 44.6 0 2 {@Y}A7{@@,@L}A7
20  22.00879426  113.37278846 251.6 0 2 {@Y}A8{@@,@L}A8
20  22.00855944  113.37253290 19.5 0 2 {@Y}A9{@@,@L}A9
20  22.01311118  113.38156214 4.7 0 3 {@L}C{@Y,^l}H{^r}
20  21.99532648  113.36303582 134.6 0 3 {@L}G{@R}05{critical,@@,@L}G{@Y,^l}H{^r}
20  21.99453154  113.36222185 134.6 0 3 {@L}H{@R}05{critical,@@,@L}H
20  21.99485207  113.36441995 224.6 0 3 {@Y,^r}G{^ru}H{@@,^l}G
20  21.99621241  113.36260054 224.6 0 3 {@L}H{@Y,^l}G{@@,@L}H{@Y,^r}G
20  22.00017030  113.36790145 257.4 0 3 {@L}F{@Y,^l}H{^r}
20  22.00465381  113.37260276 267.0 0 3 {@L}E{@Y,^l}H{^r}
20  22.00853090  113.37680953 9.8 0 3 {@L}D{@Y,^l}H{^r,^u}I
20  22.01056176  113.37710264 134.6 0 3 {@L}I{@Y,^l}H{^r,@@,@L}I
20  22.01048980  113.37759623 224.6 0 3 {@L}H{@Y,^r}I{^ru}J{@@,@L}H
20  22.00591874  113.37278691 44.6 0 3 {@L}H{@Y,^l}K{^lu}J{@@,@L}H
20  22.00960437  113.37667317 44.6 0 3 {@L}H{@Y,^l}I{@@,@L}H
20  22.00772815  113.37477744 44.6 0 3 {@L}H{@Y,^l}J{^lu}I{@@,@L}H
20  22.00843551  113.37544964 224.6 0 3 {@L}H{@Y,^r}J{^ru}K{@@,@L}H
20  22.00798234  113.37492664 134.6 0 3 {@L}J{@Y,^l}H{^r,@@,@L}J
20  22.00653065  113.37266495 134.6 0 3 {@L}K{@Y,^l}H{^r,@@,@L}K
20  22.00168510  113.37091867 224.6 0 3 {@Y,^l}F
20  22.00601404  113.37552441 44.6 0 3 {@Y,^l}D{@@,^r}E
20  22.01005401  113.37963946 44.6 0 3 {@Y,^l}C
20  22.01873909  113.38637970 224.6 0 3 {@R,^l,no-entry}
20  22.01539097  113.38289288 224.6 0 3 {@R,^l,no-entry}
20  22.01472490  113.38215528 44.6 0 3 {@R,^l,no-entry}
20  22.01811088  113.38573297 44.6 0 3 {@R,^l,no-entry}
20  22.01983231  113.38758820 44.6 0 3 {@L}H{@Y,^r}B{^ru}A{@@,@L}H
20  22.01826269  113.38932006 44.6 0 3 {@Y,^l}B{^lu}A
20  22.01936134  113.38951181 224.6 0 3 {@Y,^r}B
20  22.01962676  113.38878850 134.6 0 3 {@L}B{@R}23{critical,@@,@L}B{@Y,^l}H{^r}
20  22.02038070  113.38962631 134.6 0 3 {@L}A{@R}23{critical,@@,@L}A{@Y,^l}H
14  22.00993081  113.37047823 82 0 Zhuhai Jinwan
1300  22.01204187  113.37357157 224.6 gate heavy|jets|turboprops|props A10
1300  22.01106376  113.37319393 44.0 gate heavy|jets|turboprops|props|helos A11
1300  22.01162090  113.37402964 224.6 gate heavy|jets|turboprops|props A12
1300  22.01068193  113.37360941 44.0 gate heavy|jets|turboprops|props|helos A13
1300  22.01112710  113.37456696 224.6 gate heavy|jets|turboprops|props A14
1300  22.01028824  113.37403778 44.0 gate heavy|jets|turboprops|props|helos A15
1300  22.01059462  113.37487768 -105.8 gate heavy|jets|turboprops|props A16
1300  22.01011623  113.37444931 24.0 gate heavy|jets|turboprops|props|helos A17
1300  22.00970442  113.37081561 44.6 gate heavy|jets|turboprops|props|helos A1
1300  22.00993712  113.37199690 224.0 gate heavy|jets|turboprops|props A2
1300  22.00932853  113.37122462 44.6 gate heavy|jets|turboprops|props A3
1300  22.00955530  113.37241239 224.0 gate heavy|jets|turboprops|props A4
1300  22.00896928  113.37161553 44.6 gate heavy|jets|turboprops|props A5
1300  22.00920876  113.37278946 224.0 gate heavy|jets|turboprops|props A6
1300  22.00854557  113.37207657 44.6 gate heavy|jets|turboprops|props A7
1300  22.00884200  113.37295648 254.0 gate heavy|jets|turboprops|props A8
1300  22.00835170  113.37246690 19.5 gate heavy|jets|turboprops|props A9
1300  22.00795555  113.37384728 84.3 tie_down heavy|jets|turboprops|props|fighters A19
1300  22.00994363  113.37595956 185.8 tie_down heavy|jets|turboprops|props|fighters A23
1300  22.00950347  113.37549190 185.8 tie_down heavy|jets|turboprops|props|fighters A22
1300  22.00904925  113.37500931 185.8 tie_down heavy|jets|turboprops|props|fighters A21
1300  22.00835524  113.37427194 84.3 tie_down heavy|jets|turboprops|props|fighters A20
1300  22.00754789  113.37341414 84.3 tie_down heavy|jets|turboprops|props|fighters A18
18  22.00714751  113.37605173 1 Zhuhai Jinwan
19  21.99568012  113.36648241 0 New Windsock 5
19  22.01637570  113.38852653 0 New Windsock 4
55 12475 APP
55 12385 APP
55 12425 APP
55 12035 APP
50 12845 ATIS
54 11865 TOWER
99
