I
1000 Generated by WorldEditor 2.4.0r2

1      0 0 0 ZSYW Yiwu
100 40.00 1 1 0.00 1 2 1  02  29.32979500  120.02665900 0 55 3 9 0 0 20  29.35556700  120.03638500 0 55 2 7 0 0
110 2 0.00 0.0 Terminal,South Hangar
111  29.33324693  120.02625922
111  29.33373049  120.02640472
111  29.33712301  120.02771448
111  29.33808278  120.02805615
112  29.33898708  120.02838295  29.33918729  120.02846718
111  29.33958535  120.02868405
111  29.34037492  120.02895638
112  29.34105534  120.02915851  29.34159347  120.02934749
111  29.34194679  120.02956867
111  29.34266868  120.02986592
112  29.34291469  120.02988869  29.34304957  120.02993111
111  29.34327684  120.03001908
111  29.34358498  120.03015182
111  29.34384403  120.03027201
111  29.34435346  120.03057266
111  29.34469709  120.03067514
111  29.34466034  120.03081705
111  29.34510812  120.03099613
111  29.34517857  120.03102423
111  29.34549149  120.03115247
111  29.34561228  120.03077654
111  29.34549867  120.03073892
111  29.34553684  120.03063005
111  29.34557251  120.03053480
111  29.34563001  120.03036224
111  29.34594164  120.03049594
111  29.34597696  120.03039237
111  29.34612902  120.03045250
111  29.34620040  120.03024841
111  29.34609434  120.03020296
111  29.34614140  120.03002584
111  29.34568607  120.02985296
111  29.34585244  120.02932147
111  29.34499946  120.02898493
111  29.34528051  120.02803853
111  29.34225742  120.02690199
111  29.34204674  120.02761291
111  29.34164668  120.02746945
111  29.34173634  120.02710605
111  29.34167892  120.02708647
111  29.34163685  120.02718236
111  29.34076448  120.02687959
112  29.34069510  120.02707962  29.34067182  120.02713029
112  29.34058876  120.02717618  29.34056014  120.02720126
111  29.34058876  120.02717618
112  29.34058876  120.02717618  29.34053151  120.02722634
111  29.34051431  120.02727707
111  29.34046980  120.02742757
111  29.34035641  120.02780253
111  29.34033573  120.02786803
111  29.34041305  120.02802630
111  29.34037096  120.02819902
111  29.34030370  120.02820798
111  29.34025207  120.02827668
112  29.34018766  120.02834059  29.34014573  120.02835980
111  29.34011397  120.02834599
111  29.33759393  120.02739657
111  29.33749078  120.02735276
111  29.33436928  120.02617399
111  29.33393654  120.02599799
111  29.33232526  120.02539351
112  29.33224918  120.02535555  29.33222956  120.02533207
112  29.33222563  120.02523776  29.33222328  120.02519007
111  29.33224769  120.02512911
111  29.33226552  120.02507372
111  29.33240664  120.02458478
111  29.33243886  120.02443915
111  29.33248360  120.02427997
111  29.33219345  120.02417110
111  29.33217926  120.02422517
111  29.33127087  120.02388184
111  29.33129318  120.02381341
111  29.33100430  120.02371421
111  29.33093951  120.02390870
112  29.33059628  120.02377920  29.33053662  120.02374538
112  29.33051349  120.02365949  29.33048937  120.02359867
112  29.33044442  120.02354281  29.33040634  120.02351911
112  29.33029875  120.02350688  29.33022069  120.02351224
112  29.33015699  120.02359258  29.33013084  120.02363083
112  29.33012445  120.02375742  29.33013501  120.02381812
112  29.33018197  120.02388945  29.33022846  120.02393835
112  29.33030671  120.02395755  29.33036053  120.02396655
111  29.33041990  120.02393101
112  29.33049618  120.02388113  29.33053539  120.02386775
111  29.33057187  120.02388495
111  29.33075758  120.02395954
112  29.33085349  120.02406823  29.33086539  120.02413233
111  29.33084950  120.02418568
111  29.33071227  120.02462016
112  29.33063568  120.02472667  29.33058230  120.02475369
111  29.33057376  120.02473375
111  29.33038206  120.02464077
111  29.33025884  120.02505307
113  29.33172896  120.02566812
110 2 0.00 0.0 North Hangars
111  29.34515739  120.03118950
112  29.34515052  120.03115849  29.34514865  120.03114179
111  29.34515261  120.03111412
111  29.34517857  120.03102423
111  29.34510812  120.03099613
112  29.34507720  120.03111456  29.34507600  120.03111456
112  29.34506401  120.03112882  29.34504715  120.03114274
111  29.34503943  120.03114508
111  29.34446825  120.03093879
111  29.34427728  120.03085141
111  29.34422367  120.03104868
111  29.34433068  120.03105383
111  29.34442719  120.03107964
112  29.34524247  120.03137279  29.34524898  120.03137652
112  29.34570454  120.03152585  29.34571430  120.03153332
111  29.34745845  120.03222020
111  29.35097754  120.03354949
112  29.35099159  120.03363558  29.35097658  120.03369724
111  29.35092979  120.03368123
111  29.35088174  120.03367812
111  29.35085119  120.03378256
112  29.35090438  120.03392716  29.35087563  120.03404330
111  29.35080375  120.03426236
111  29.35083929  120.03427597
111  29.35104007  120.03360454
111  29.35108740  120.03359319
111  29.35196322  120.03390387
111  29.35227094  120.03400365
111  29.35311906  120.03434771
111  29.35505897  120.03507885
111  29.35592342  120.03534509
111  29.35620586  120.03503497
111  29.35704205  120.03421869
111  29.35694954  120.03412184
111  29.35675948  120.03432255
112  29.35672233  120.03443505  29.35669857  120.03446479
111  29.35651759  120.03461941
111  29.35635242  120.03440328
111  29.35611695  120.03464056
111  29.35625193  120.03480823
112  29.35626128  120.03485287  29.35625696  120.03487270
111  29.35616208  120.03493236
112  29.35608121  120.03493459  29.35605097  120.03492963
111  29.35582213  120.03484233
111  29.35608193  120.03408266
111  29.35487914  120.03363019
111  29.35469025  120.03430016
111  29.35372820  120.03402696
111  29.35368604  120.03414881
111  29.35221243  120.03360711
111  29.35215879  120.03376065
111  29.35194150  120.03368255
111  29.35191468  120.03374383
111  29.35085581  120.03336436
112  29.35079024  120.03326438  29.35076492  120.03319967
111  29.35079853  120.03309033
111  29.35082639  120.03300647
111  29.35101175  120.03236166
111  29.35082091  120.03226318
111  29.35082179  120.03221933
111  29.34612902  120.03045250
111  29.34597696  120.03039237
111  29.34594164  120.03049594
111  29.34589129  120.03065231
111  29.34557251  120.03053480
111  29.34553684  120.03063005
111  29.34584700  120.03074455
112  29.34588054  120.03085022  29.34586850  120.03090706
111  29.34577567  120.03117992
112  29.34569932  120.03132560  29.34565495  120.03136064
113  29.34559716  120.03133174
110 2 0.00 0.0 A1
112  29.35525683  120.03532651  29.35531540  120.03547584
111  29.35530224  120.03556943
111  29.35442556  120.03523312
111  29.35436963  120.03541835
111  29.35445532  120.03544075
112  29.35450665  120.03533664  29.35453630  120.03531880
111  29.35459850  120.03533622
111  29.35506149  120.03551184
111  29.35447160  120.03564658
111  29.35567739  120.03610114
111  29.35575953  120.03582852
111  29.35568714  120.03579961
111  29.35576215  120.03554642
112  29.35580574  120.03546689  29.35584102  120.03541552
111  29.35592342  120.03534509
113  29.35505897  120.03507885
110 2 0.00 0.0 A2
111  29.35311906  120.03434771
111  29.35227094  120.03400365
112  29.35240597  120.03418348  29.35244394  120.03426748
111  29.35246063  120.03433979
112  29.35245417  120.03448620  29.35243790  120.03453287
111  29.35241078  120.03462833
111  29.35224537  120.03457042
111  29.35186999  120.03466456
111  29.35295409  120.03507344
111  29.35271202  120.03473727
111  29.35256471  120.03468220
111  29.35261172  120.03450188
114  29.35274906  120.03435089  29.35286462  120.03425541
110 1 0.00 0.0 New Taxiway 11
111  29.34367726  120.03108675
111  29.34362250  120.03127312
112  29.34354288  120.03139799  29.34350085  120.03143532
111  29.34354288  120.03139799
112  29.34354288  120.03139799  29.34345882  120.03147265
111  29.34333293  120.03145203
111  29.34418615  120.03176502
112  29.34407126  120.03157067  29.34404871  120.03145912
111  29.34407126  120.03157067
112  29.34407126  120.03157067  29.34405999  120.03151489
111  29.34407199  120.03146221
113  29.34413463  120.03125847
110 2 0.00 0.0 N3
111  29.34384403  120.03027201
112  29.34392588  120.03036895  29.34393242  120.03041666
111  29.34392798  120.03043474
111  29.34387976  120.03059357
111  29.34380005  120.03060614
111  29.34377283  120.03066173
111  29.34371711  120.03084293
111  29.34366972  120.03101712
111  29.34363302  120.03115949
112  29.34353295  120.03136606  29.34348376  120.03140566
111  29.34353295  120.03136606
112  29.34353295  120.03136606  29.34343457  120.03144527
111  29.34332075  120.03144124
111  29.34424256  120.03178533
112  29.34409704  120.03158240  29.34407137  120.03148064
111  29.34411556  120.03137687
111  29.34415262  120.03126374
111  29.34422367  120.03104868
111  29.34427728  120.03085141
113  29.34435346  120.03057266
110 1 0.00 0.0 New Taxiway 12
111  29.34205800  120.03017930
111  29.34200177  120.03036923
111  29.34187673  120.03032768
111  29.34178839  120.03059455
112  29.34165421  120.03073130  29.34155649  120.03076153
111  29.34143545  120.03072646
111  29.34237011  120.03107970
112  29.34226866  120.03091037  29.34222424  120.03080316
111  29.34226943  120.03069315
111  29.34232861  120.03049137
111  29.34220072  120.03044779
113  29.34225910  120.03025255
110 2 0.00 0.0 New Taxiway 4
112  29.34201239  120.02984818  29.34200302  120.03001482
111  29.34198063  120.02995590
111  29.34196813  120.02999032
111  29.34192280  120.03013967
111  29.34187673  120.03032768
111  29.34200177  120.03036923
111  29.34205800  120.03017930
111  29.34225910  120.03025255
111  29.34220072  120.03044779
111  29.34232861  120.03049137
111  29.34238236  120.03030888
111  29.34242631  120.03015578
111  29.34247085  120.02999634
112  29.34252106  120.02990101  29.34254977  120.02987360
111  29.34266868  120.02986592
113  29.34194679  120.02956867
110 1 0.00 0.0 New Taxiway 13
111  29.33941239  120.02975598
112  29.33932938  120.02984560  29.33925449  120.02988867
111  29.33914786  120.02986454
111  29.34002131  120.03019234
112  29.33991280  120.03004806  29.33987713  120.02996571
111  29.33989945  120.02988823
111  29.33995541  120.02968283
113  29.33949745  120.02951748
110 2 0.00 0.0 New Taxiway 5
111  29.33958535  120.02868405
112  29.33967274  120.02886212  29.33966956  120.02894615
111  29.33965716  120.02899729
111  29.33962624  120.02910205
111  29.33957011  120.02928732
111  29.33953378  120.02940240
111  29.33949745  120.02951748
111  29.33995541  120.02968283
111  29.33999328  120.02953742
111  29.34006377  120.02926878
111  29.34012047  120.02911595
112  29.34018996  120.02899400  29.34022015  120.02895340
113  29.34037492  120.02895638
110 1 0.00 0.0 New Taxiway 14
111  29.33709527  120.02860990
112  29.33695992  120.02892262  29.33688787  120.02897595
111  29.33677586  120.02896814
111  29.33761359  120.02928476
112  29.33749085  120.02909549  29.33747078  120.02897913
111  29.33749085  120.02909549
112  29.33749085  120.02909549  29.33748082  120.02903731
111  29.33750858  120.02893207
113  29.33755584  120.02877628
110 2 0.00 0.0 New Taxiway 6
111  29.33712301  120.02771448
112  29.33725645  120.02793203  29.33726989  120.02800348
111  29.33724948  120.02810013
111  29.33721744  120.02820750
111  29.33717542  120.02834535
111  29.33709527  120.02860990
111  29.33755584  120.02877628
111  29.33760765  120.02859596
111  29.33767302  120.02836604
111  29.33771014  120.02823708
112  29.33783048  120.02809371  29.33793803  120.02801928
113  29.33808278  120.02805615
110 2 0.00 0.0 A7
111  29.33410763  120.02719665
112  29.33426385  120.02739046  29.33429758  120.02750575
111  29.33428928  120.02752418
111  29.33423818  120.02769402
112  29.33414951  120.02789357  29.33410820  120.02793399
111  29.33404943  120.02793944
111  29.33419678  120.02799481
111  29.33423835  120.02786825
111  29.33465664  120.02803259
112  29.33463365  120.02795873  29.33462719  120.02790668
111  29.33465778  120.02786865
111  29.33473046  120.02773405
112  29.33486757  120.02758933  29.33495045  120.02756345
113  29.33513552  120.02758694
110 1 0.00 0.0 New Taxiway 15
111  29.33469069  120.02804947
111  29.33465664  120.02803259
111  29.33423835  120.02786825
111  29.33419678  120.02799481
111  29.33498515  120.02829240
113  29.33479940  120.02803299
110 2 0.00 0.0 A8
111  29.33025884  120.02505307
111  29.33020546  120.02522527
111  29.32996279  120.02600387
111  29.32995250  120.02604037
111  29.32986268  120.02636004
111  29.33057044  120.02662623
112  29.33045841  120.02645953  29.33042691  120.02636207
111  29.33045476  120.02624054
111  29.33046566  120.02620590
111  29.33054084  120.02600694
111  29.33066201  120.02564014
111  29.33072507  120.02543343
112  29.33088355  120.02543956  29.33101104  120.02545087
113  29.33172896  120.02566812
110 2 0.00 0.0 New Taxiway 31
111  29.32740660  120.02505883
111  29.32737376  120.02512431
112  29.32740934  120.02511696  29.32743041  120.02511612
111  29.32752807  120.02515311
111  29.32778000  120.02524758
111  29.32773977  120.02537953
111  29.32782785  120.02540492
112  29.32787382  120.02529593  29.32790810  120.02526756
111  29.32801788  120.02531235
111  29.32938717  120.02582115
112  29.32948641  120.02590239  29.32949422  120.02596509
111  29.32947556  120.02601725
111  29.32955291  120.02604240
112  29.32961475  120.02592949  29.32964192  120.02591349
111  29.32971850  120.02594487
111  29.32995250  120.02604037
113  29.32996279  120.02600387
110 2 0.00 0.0 New Taxiway 30
111  29.33046566  120.02620590
111  29.33045476  120.02624054
111  29.33112367  120.02649532
112  29.33117282  120.02656226  29.33118659  120.02661622
111  29.33116049  120.02666970
111  29.33124455  120.02670511
113  29.33130169  120.02652684
110 2 0.00 0.0 New Taxiway 29
111  29.33323556  120.02477180
111  29.33321894  120.02482290
111  29.33328716  120.02485587
112  29.33330765  120.02488396  29.33331242  120.02490242
111  29.33330458  120.02493142
111  29.33318285  120.02532636
112  29.33316099  120.02535213  29.33314355  120.02536040
111  29.33312601  120.02535400
111  29.33305982  120.02532258
111  29.33303002  120.02541799
111  29.33323701  120.02549546
111  29.33330463  120.02548916
111  29.33430927  120.02587496
111  29.33439627  120.02584548
111  29.33331461  120.02541608
112  29.33323942  120.02537856  29.33322237  120.02536318
111  29.33324136  120.02531797
113  29.33339936  120.02482433
110 2 0.00 0.0 New Taxiway 28
111  29.33282992  120.02462599
111  29.33255396  120.02451445
111  29.33243886  120.02443915
111  29.33240664  120.02458478
112  29.33244762  120.02454987  29.33247233  120.02454780
111  29.33251066  120.02456639
111  29.33271926  120.02464725
112  29.33274334  120.02467593  29.33275112  120.02470209
111  29.33273713  120.02473506
111  29.33261466  120.02514118
112  29.33259418  120.02517724  29.33257827  120.02518889
111  29.33256363  120.02518003
111  29.33226552  120.02507372
111  29.33224769  120.02512911
111  29.33303002  120.02541799
111  29.33305982  120.02532258
111  29.33299095  120.02529515
112  29.33296947  120.02528014  29.33295887  120.02526795
111  29.33295921  120.02524622
111  29.33309707  120.02484042
112  29.33313101  120.02480659  29.33314830  120.02480237
111  29.33317005  120.02480853
111  29.33321894  120.02482290
113  29.33323556  120.02477180
110 2 0.00 0.0 New Taxiway 27
111  29.33754907  120.02704098
111  29.33755828  120.02712721
111  29.34003074  120.02748736
112  29.34011637  120.02757142  29.34017885  120.02765205
111  29.34033573  120.02786803
111  29.34035641  120.02780253
111  29.34020857  120.02759017
114  29.34005728  120.02743669  29.34000262  120.02741429
110 2 0.00 0.0 New Taxiway 26
111  29.33741892  120.02676409
111  29.33673661  120.02648819
112  29.33598613  120.02620343  29.33590980  120.02614323
111  29.33556673  120.02573267
111  29.33539616  120.02579072
112  29.33552355  120.02579630  29.33554978  120.02582067
111  29.33558514  120.02586076
112  29.33584024  120.02617679  29.33584458  120.02622184
111  29.33584162  120.02623772
111  29.33580004  120.02636401
112  29.33578176  120.02650986  29.33580029  120.02656624
111  29.33588136  120.02657801
111  29.33634968  120.02671465
112  29.33644849  120.02671640  29.33648662  120.02669124
111  29.33648787  120.02664049
111  29.33651478  120.02655889
112  29.33654506  120.02650487  29.33656829  120.02649743
111  29.33661438  120.02652139
111  29.33733586  120.02680025
112  29.33738185  120.02683659  29.33740571  120.02686445
113  29.33743649  120.02692673
110 2 0.00 0.0 New Taxiway 25
111  29.33696683  120.02521762
112  29.33715702  120.02530426  29.33720349  120.02535241
111  29.33723557  120.02545261
111  29.33741892  120.02676409
111  29.33743649  120.02692673
111  29.33749078  120.02735276
111  29.33759393  120.02739657
111  29.33755828  120.02712721
111  29.33754907  120.02704098
111  29.33732491  120.02547190
112  29.33736123  120.02526001  29.33740059  120.02515681
113  29.33751931  120.02502710
110 2 0.00 0.0 New Taxiway 24
111  29.33439627  120.02584548
111  29.33430927  120.02587496
111  29.33393654  120.02599799
111  29.33436928  120.02617399
111  29.33539616  120.02579072
111  29.33556673  120.02573267
111  29.33696683  120.02521762
111  29.33751931  120.02502710
111  29.33925018  120.02439445
113  29.33917303  120.02412503
110 2 0.00 0.0 New Taxiway 1
111  29.35572011  120.03572156
111  29.35570812  120.03575627
111  29.35605455  120.03589144
112  29.35610585  120.03594431  29.35611101  120.03597194
111  29.35610195  120.03601889
111  29.35608794  120.03606784
111  29.35617426  120.03609970
111  29.35619509  120.03603531
112  29.35623287  120.03598836  29.35626590  120.03597006
111  29.35629990  120.03598515
111  29.35771337  120.03651557
112  29.35781209  120.03658618  29.35783067  120.03663118
111  29.35781659  120.03666766
111  29.35780173  120.03671412
111  29.35788058  120.03674163
111  29.35793127  120.03657364
111  29.35729964  120.03632449
113  29.35724347  120.03630014
110 2 0.00 0.0 New Taxiway 2
111  29.35724347  120.03630014
111  29.35729964  120.03632449
111  29.35736512  120.03629846
112  29.35743709  120.03628720  29.35746099  120.03629005
111  29.35749717  120.03630233
111  29.35797751  120.03649327
111  29.35879302  120.03679730
111  29.35881914  120.03675810
111  29.35762854  120.03629953
112  29.35743152  120.03623393  29.35739711  120.03623393
113  29.35734079  120.03625684
110 2 0.00 0.0 New Taxiway 3
111  29.35881914  120.03675810
111  29.35879302  120.03679730
111  29.35899162  120.03687971
112  29.35907388  120.03699242  29.35909147  120.03706240
111  29.35907932  120.03708539
111  29.35895921  120.03752486
111  29.35878711  120.03812025
111  29.35872260  120.03832448
112  29.35861687  120.03845926  29.35855017  120.03848051
111  29.35848534  120.03844345
111  29.35842991  120.03842125
111  29.35841056  120.03846182
111  29.35849890  120.03850166
112  29.35860251  120.03850931  29.35865533  120.03849920
111  29.35869646  120.03845470
111  29.35882473  120.03852400
111  29.35887019  120.03841877
111  29.35875722  120.03835901
111  29.35894159  120.03776698
112  29.35913376  120.03769746  29.35924400  120.03773116
111  29.35923993  120.03781384
111  29.35933919  120.03785270
111  29.35937306  120.03774814
111  29.35913756  120.03765819
112  29.35904900  120.03756145  29.35901172  120.03747896
111  29.35903530  120.03741745
111  29.35911898  120.03713446
112  29.35911220  120.03695158  29.35908444  120.03686002
113  29.35898686  120.03681958
110 2 0.00 0.0 New Taxiway 11
111  29.33657552  120.03099870
111  29.33605943  120.03079348
111  29.33538336  120.03054089
111  29.33452351  120.03021201
112  29.33437304  120.03012841  29.33426409  120.03008467
111  29.33416199  120.03007755
111  29.33366518  120.02988757
111  29.33273585  120.02954636
111  29.33271864  120.02959175
111  29.33283046  120.02963318
112  29.33290163  120.02967040  29.33290844  120.02968797
111  29.33290271  120.02972001
111  29.33279090  120.03009098
111  29.33295948  120.03015215
111  29.33303002  120.02991339
111  29.33294744  120.02988576
111  29.33299181  120.02973870
112  29.33302278  120.02971211  29.33304450  120.02970536
111  29.33307873  120.02971606
111  29.33330870  120.02980847
111  29.33410319  120.03010710
111  29.33483927  120.03037839
111  29.33530574  120.03056096
111  29.33639619  120.03097133
111  29.33716767  120.03127471
113  29.33717303  120.03122972
110 2 0.00 0.0 New Taxiway 10
111  29.33821623  120.03161922
111  29.33827580  120.03145232
111  29.33822378  120.03142958
111  29.33816350  120.03160334
111  29.33789781  120.03150065
112  29.33775324  120.03142270  29.33768897  120.03140281
111  29.33757475  120.03138696
111  29.33717303  120.03122972
111  29.33716767  120.03127471
111  29.33888370  120.03191892
113  29.33889652  120.03188195
110 2 0.00 0.0 New Taxiway 9
111  29.34134427  120.03278873
112  29.34121834  120.03272005  29.34113783  120.03268690
111  29.34101810  120.03267268
111  29.33889652  120.03188195
111  29.33888370  120.03191892
111  29.34057483  120.03255339
111  29.34196568  120.03308260
113  29.34198352  120.03303827
110 2 0.00 0.0 New Taxiway 8
111  29.34718268  120.03497866
111  29.34718606  120.03493163
111  29.34722428  120.03483434
111  29.34717075  120.03482522
111  29.34715395  120.03489971
111  29.34712323  120.03495820
111  29.34636385  120.03468320
111  29.34547960  120.03434597
111  29.34473512  120.03407448
112  29.34460397  120.03399221  29.34450924  120.03395668
111  29.34445072  120.03395812
111  29.34381822  120.03372570
111  29.34220111  120.03310240
111  29.34224150  120.03297284
111  29.34219458  120.03295302
111  29.34214701  120.03309283
111  29.34198352  120.03303827
111  29.34196568  120.03308260
111  29.34225700  120.03318832
111  29.34215296  120.03358389
111  29.34272615  120.03379592
111  29.34283797  120.03340945
111  29.34369419  120.03373355
111  29.34456730  120.03406251
111  29.34555610  120.03442595
111  29.34737871  120.03511269
113  29.34740348  120.03506524
110 2 0.00 0.0 New Taxiway 7
111  29.35164951  120.03666622
112  29.35151729  120.03658889  29.35144859  120.03655807
111  29.35132306  120.03654633
111  29.35053854  120.03623135
111  29.34936543  120.03581179
111  29.34818256  120.03535804
112  29.34807934  120.03529599  29.34800420  120.03526236
111  29.34787443  120.03524404
111  29.34740348  120.03506524
111  29.34737871  120.03511269
111  29.34847700  120.03552236
111  29.34957777  120.03594430
111  29.35068184  120.03633738
111  29.35177187  120.03676455
113  29.35178750  120.03672540
110 2 0.00 0.0 New Taxiway 6
111  29.35535572  120.03808318
111  29.35507597  120.03797784
112  29.35491541  120.03788244  29.35486667  120.03786106
111  29.35473908  120.03784132
111  29.35373075  120.03746480
111  29.35257310  120.03702077
111  29.35197444  120.03679672
112  29.35191643  120.03675169  29.35191046  120.03671770
111  29.35193143  120.03667209
111  29.35195404  120.03661815
111  29.35191070  120.03659402
111  29.35189225  120.03665175
111  29.35188092  120.03668640
112  29.35185918  120.03673656  29.35184069  120.03674736
111  29.35178750  120.03672540
111  29.35177187  120.03676455
111  29.35290888  120.03719893
111  29.35366154  120.03748961
111  29.35467719  120.03787709
113  29.35534375  120.03812329
110 2 0.00 0.0 New Taxiway 5
111  29.35681302  120.03823590
111  29.35677637  120.03821992
111  29.35672965  120.03838564
112  29.35664538  120.03848502  29.35656671  120.03853706
111  29.35649172  120.03849529
111  29.35654149  120.03835140
111  29.35649570  120.03833538
111  29.35644294  120.03847359
111  29.35535572  120.03808318
111  29.35534375  120.03812329
111  29.35650598  120.03854735
112  29.35665884  120.03853485  29.35672335  120.03850470
113  29.35675561  120.03842657
110 2 0.00 0.0 New Taxiway 4
111  29.35744892  120.03804434
112  29.35728317  120.03795424  29.35718324  120.03791943
111  29.35712194  120.03791316
112  29.35691683  120.03792252  29.35684355  120.03797415
111  29.35682758  120.03803460
111  29.35677637  120.03821992
111  29.35681302  120.03823590
111  29.35686977  120.03804563
112  29.35697375  120.03794781  29.35705740  120.03791502
111  29.35726021  120.03802123
111  29.35841056  120.03846182
113  29.35842991  120.03842125
110 2 0.00 0.0 New Taxiway 12
111  29.33243848  120.02944145
112  29.33241506  120.02941934  29.33240749  120.02939955
111  29.33241785  120.02937583
111  29.33253872  120.02898793
111  29.33247151  120.02895840
111  29.33245115  120.02900490
111  29.33244909  120.02905693
112  29.33246292  120.02910389  29.33246148  120.02914009
111  29.33243860  120.02919843
111  29.33236829  120.02942724
111  29.33167674  120.02923071
111  29.33101202  120.02904601
112  29.33086546  120.02898020  29.33077669  120.02895178
111  29.33072508  120.02896313
111  29.33019196  120.02881448
111  29.32960414  120.02866004
111  29.32927798  120.02857085
111  29.32860483  120.02831055
111  29.32858974  120.02835598
111  29.32901249  120.02852329
111  29.32926644  120.02862290
111  29.32962876  120.02871818
111  29.33069294  120.02900203
111  29.33239428  120.02947652
111  29.33271864  120.02959175
113  29.33273585  120.02954636
110 2 0.00 0.0 New Taxiway 22
111  29.33048995  120.02344038
111  29.33136572  120.02376603
111  29.33213366  120.02406872
111  29.33243492  120.02417522
112  29.33249768  120.02422697  29.33250836  120.02427156
111  29.33250475  120.02429087
112  29.33247825  120.02438722  29.33246277  120.02442076
111  29.33243886  120.02443915
111  29.33255396  120.02451445
112  29.33250609  120.02443780  29.33250609  120.02439834
111  29.33251972  120.02436572
111  29.33258085  120.02418771
111  29.33169404  120.02385512
111  29.33090782  120.02355360
111  29.33050048  120.02340285
111  29.32982713  120.02315559
112  29.32967899  120.02317321  29.32960548  120.02321694
111  29.32957496  120.02334562
111  29.32937303  120.02404002
111  29.32923425  120.02453152
112  29.32918160  120.02460775  29.32916096  120.02461963
111  29.32912401  120.02461083
111  29.32930154  120.02467713
112  29.32927229  120.02461379  29.32926285  120.02457410
111  29.32926801  120.02455498
111  29.32945747  120.02389818
111  29.32960899  120.02336174
112  29.32970923  120.02320657  29.32978310  120.02316804
113  29.32987248  120.02321342
110 2 0.00 0.0 New Taxiway 20
111  29.32853021  120.02487683
111  29.32858647  120.02468707
112  29.32864972  120.02456822  29.32870959  120.02451612
111  29.32879629  120.02453033
111  29.32885693  120.02455507
111  29.32876639  120.02482614
111  29.32898186  120.02491816
111  29.32902913  120.02476424
112  29.32909149  120.02469845  29.32913930  120.02466605
111  29.32921363  120.02470575
111  29.32954295  120.02482776
111  29.32993993  120.02498259
111  29.33012245  120.02505591
112  29.33018736  120.02512293  29.33020159  120.02516424
111  29.33020546  120.02522527
111  29.33025884  120.02505307
111  29.32949530  120.02475043
112  29.32946027  120.02472341  29.32945629  120.02470227
111  29.32947786  120.02466193
111  29.32949219  120.02462384
111  29.32944767  120.02460465
111  29.32942603  120.02467123
112  29.32940439  120.02470413  29.32938305  120.02471229
111  29.32934810  120.02469369
111  29.32930154  120.02467713
111  29.32912401  120.02461083
111  29.32886987  120.02452060
111  29.32879714  120.02449323
112  29.32865330  120.02451798  29.32857647  120.02456624
111  29.32856230  120.02463386
111  29.32853720  120.02471823
113  29.32849203  120.02486350
110 2 0.00 0.0 New Taxiway 19
111  29.32776496  120.02500758
111  29.32775070  120.02504791
111  29.32820056  120.02520197
112  29.32835009  120.02519969  29.32843336  120.02516749
111  29.32846024  120.02508280
111  29.32853021  120.02487683
111  29.32849203  120.02486350
111  29.32843369  120.02504378
112  29.32835189  120.02515438  29.32830048  120.02518197
111  29.32821629  120.02515972
113  29.32802710  120.02509509
110 2 0.00 0.0 New Taxiway 18
111  29.32737376  120.02512431
111  29.32740660  120.02505883
112  29.32748503  120.02499065  29.32755145  120.02495875
111  29.32760850  120.02499315
111  29.32775070  120.02504791
111  29.32776496  120.02500758
111  29.32766564  120.02496664
112  29.32747623  120.02494313  29.32741436  120.02496399
111  29.32734307  120.02508443
111  29.32731605  120.02517566
113  29.32735046  120.02519540
110 2 0.00 0.0 New Taxiway 17
111  29.32731605  120.02517566
111  29.32723582  120.02543145
112  29.32716650  120.02553516  29.32711145  120.02557462
111  29.32706101  120.02556051
111  29.32693231  120.02551233
111  29.32691906  120.02556418
111  29.32705621  120.02561888
112  29.32712050  120.02569922  29.32714391  120.02577509
111  29.32712674  120.02581619
111  29.32708201  120.02601153
111  29.32711814  120.02602732
113  29.32735046  120.02519540
110 2 0.00 0.0 New Taxiway 14
111  29.32742025  120.02786010
111  29.32726393  120.02779806
112  29.32714382  120.02767280  29.32710944  120.02757222
111  29.32719020  120.02737005
111  29.32725100  120.02717387
111  29.32721836  120.02713534
111  29.32709944  120.02753970
112  29.32711377  120.02771469  29.32714474  120.02778572
111  29.32721508  120.02782406
111  29.32740864  120.02790262
111  29.32783656  120.02806728
111  29.32858974  120.02835598
111  29.32860483  120.02831055
111  29.32790881  120.02804755
112  29.32776202  120.02795864  29.32767945  120.02792115
113  29.32757164  120.02791732
110 2 0.00 0.0 New Taxiway 16
111  29.32716717  120.02652585
111  29.32709778  120.02648264
112  29.32704625  120.02639384  29.32703350  120.02634291
111  29.32704127  120.02628665
111  29.32711814  120.02602732
111  29.32708201  120.02601153
111  29.32700407  120.02628155
112  29.32702538  120.02643826  29.32704751  120.02648370
111  29.32709367  120.02652957
111  29.32715456  120.02656549
111  29.32723183  120.02659924
112  29.32731437  120.02669825  29.32733618  120.02677068
111  29.32729348  120.02688940
111  29.32721836  120.02713534
111  29.32725100  120.02717387
111  29.32731641  120.02694619
111  29.32734946  120.02683040
112  29.32734629  120.02669000  29.32732192  120.02660095
113  29.32726966  120.02657660
110 2 0.00 0.0 New Taxiway 23
111  29.34242631  120.03015578
111  29.34238236  120.03030888
111  29.34356963  120.03076038
111  29.34371711  120.03084293
113  29.34377283  120.03066173
110 2 0.00 0.0 New Taxiway 22
111  29.34006377  120.02926878
111  29.33999328  120.02953742
112  29.34011485  120.02948724  29.34019079  120.02946831
111  29.34030838  120.02951474
111  29.34192280  120.03013967
113  29.34196813  120.02999032
110 2 0.00 0.0 New Taxiway 18
111  29.33088075  120.02580095
112  29.33071824  120.02571539  29.33067607  120.02567776
111  29.33066201  120.02564014
111  29.33054084  120.02600694
112  29.33065388  120.02594835  29.33070529  120.02592977
111  29.33083315  120.02595166
111  29.33243807  120.02655774
113  29.33267804  120.02647468
110 2 0.00 0.0 New Taxiway 21
111  29.33948135  120.02919774
112  29.33954513  120.02923754  29.33956445  120.02926376
111  29.33957011  120.02928732
111  29.33962624  120.02910205
111  29.33767302  120.02836604
111  29.33760765  120.02859596
112  29.33769756  120.02856270  29.33773880  120.02855410
113  29.33778430  120.02856177
110 2 0.00 0.0 New Taxiway 16
111  29.33310307  120.02663107
111  29.33286561  120.02672241
111  29.33410763  120.02719665
111  29.33513552  120.02758694
111  29.33563364  120.02776585
112  29.33566750  120.02780295  29.33567315  120.02782844
111  29.33566750  120.02784255
111  29.33548789  120.02848171
111  29.33552631  120.02849636
111  29.33562053  120.02814790
112  29.33565870  120.02809414  29.33568584  120.02807806
111  29.33572908  120.02807834
111  29.33575936  120.02797148
112  29.33570230  120.02786177  29.33571485  120.02779517
111  29.33579147  120.02782635
111  29.33717542  120.02834535
113  29.33721744  120.02820750
110 2 0.00 0.0 X
111  29.33373049  120.02640472
111  29.33324693  120.02625922
111  29.33267804  120.02647468
111  29.33243807  120.02655774
111  29.33139630  120.02693758
111  29.33182076  120.02709791
111  29.33286561  120.02672241
113  29.33310307  120.02663107
130 Airport Boundary
111  29.35778479  120.03633367
111  29.35675048  120.03592470
111  29.35634520  120.03497360
111  29.35710132  120.03423637
111  29.35700061  120.03412876
111  29.35679583  120.03433879
111  29.35573741  120.03386759
111  29.35419225  120.03302077
111  29.35184003  120.03194868
111  29.34586816  120.02945810
111  29.34591234  120.02933353
111  29.34504282  120.02900458
111  29.34532387  120.02805817
111  29.34230079  120.02692163
111  29.34222691  120.02714245
111  29.34076150  120.02661230
111  29.34065043  120.02699276
111  29.34044532  120.02692797
111  29.34031231  120.02742819
111  29.33763265  120.02705008
111  29.33745010  120.02571472
111  29.33743156  120.02547803
111  29.33748716  120.02528348
111  29.33762580  120.02508303
111  29.33932092  120.02445844
111  29.33920792  120.02406955
111  29.33435448  120.02582258
111  29.33341578  120.02544487
111  29.33369974  120.02456371
111  29.33263702  120.02419999
111  29.33147686  120.02372356
111  29.33073783  120.02343704
111  29.33022084  120.02324553
111  29.32983018  120.02311022
111  29.32971311  120.02314291
111  29.32964523  120.02322455
111  29.32947470  120.02377744
111  29.32936865  120.02413427
111  29.32924460  120.02454856
111  29.32916478  120.02461288
111  29.32865736  120.02443070
111  29.32843607  120.02507145
111  29.32830704  120.02515432
111  29.32720232  120.02471069
111  29.32702107  120.02536136
111  29.32691992  120.02574020
111  29.32672862  120.02643435
111  29.32725514  120.02662020
111  29.32734573  120.02681204
111  29.32705747  120.02779207
111  29.32765601  120.02801239
111  29.32784596  120.02809049
111  29.32821988  120.02823437
111  29.32854690  120.02834612
111  29.32927421  120.02864503
111  29.32932623  120.02866492
111  29.33063904  120.02901705
111  29.33270196  120.02960363
111  29.33272673  120.03025481
111  29.33614478  120.03089743
111  29.33633002  120.03098508
111  29.33692574  120.03122240
111  29.33774619  120.03154566
111  29.33912609  120.03204009
111  29.33993903  120.03234632
111  29.34226923  120.03322522
111  29.34215776  120.03362591
111  29.34280183  120.03385893
111  29.34291331  120.03349519
111  29.34315112  120.03356907
111  29.34396117  120.03389587
111  29.34465478  120.03416869
111  29.34541776  120.03441592
111  29.34623029  120.03472000
111  29.34679509  120.03493029
111  29.34748871  120.03518606
111  29.34805847  120.03541910
111  29.34867281  120.03565781
111  29.34921532  120.03583970
111  29.34976031  120.03605000
111  29.35079578  120.03641377
111  29.35108547  120.03652109
111  29.35144714  120.03667171
111  29.35191781  120.03685644
111  29.35230177  120.03700707
111  29.35267583  120.03714917
111  29.35314154  120.03731685
111  29.35385003  120.03759821
111  29.35409901  120.03767469
111  29.35506667  120.03803653
111  29.35530679  120.03812974
111  29.35583345  120.03832232
111  29.35676439  120.03865769
111  29.35694275  120.03807505
111  29.35711120  120.03799547
111  29.35724249  120.03805515
111  29.35754471  120.03816031
111  29.35814171  120.03839906
111  29.35840805  120.03852674
111  29.35856567  120.03859242
111  29.35868265  120.03854483
111  29.35874984  120.03850009
111  29.35887346  120.03856101
111  29.35892738  120.03842965
111  29.35884550  120.03835970
111  29.35899413  120.03784469
111  29.35910709  120.03778671
111  29.35940436  120.03789926
111  29.35944895  120.03773896
111  29.35915168  120.03759912
111  29.35911007  120.03747293
113  29.35927951  120.03687265
120 Linear Feature 22
111  29.32991771  120.02648817 1 102
115  29.33043731  120.02475566
120 Linear Feature 21
111  29.33216989  120.02511834 1 102
112  29.33217152  120.02535015  29.33221250  120.02545316 1 102
112  29.33233477  120.02548965  29.33233789  120.02549679 1 102
111  29.33384534  120.02604354 1 102
111  29.33437613  120.02624244 1 102
111  29.33746506  120.02741663 1 102
111  29.34011760  120.02842828 1 102
112  29.34028344  120.02841487  29.34035819  120.02837201 1 102
115  29.34038498  120.02827983
120 Linear Feature 20
111  29.33670607  120.02904972 1 102
112  29.33694886  120.02903462  29.33706667  120.02899550 1 102
111  29.33710851  120.02882018 1 102
111  29.33732855  120.02806682 1 102
112  29.33730723  120.02783789  29.33727609  120.02776049 1 102
111  29.33717565  120.02766505 1 102
111  29.33579626  120.02712885 1 102
111  29.33384551  120.02639204 1 102
111  29.33244785  120.02587765 1 102
111  29.33170417  120.02559474 1 102
111  29.33105766  120.02536755 1 102
112  29.33071878  120.02531387  29.33065899  120.02534387 1 102
111  29.33062043  120.02547900 1 102
111  29.33034154  120.02631647 1 102
112  29.33038939  120.02657351  29.33044171  120.02667210 1 102
115  29.33055003  120.02672687
120 Linear Feature 19
111  29.33910017  120.02995390 1 102
112  29.33935098  120.02993145  29.33948396  120.02986768 1 102
111  29.33951347  120.02969995 1 102
111  29.33973025  120.02898505 1 102
112  29.33970420  120.02873060  29.33966683  120.02865558 1 102
111  29.33956245  120.02857495 1 102
112  29.33876616  120.02823815  29.33822827  120.02803571 1 102
111  29.33803041  120.02796730 1 102
112  29.33782128  120.02799214  29.33770674  120.02804101 1 102
111  29.33767343  120.02813841 1 102
111  29.33743482  120.02893659 1 102
112  29.33744655  120.02918665  29.33749443  120.02928406 1 102
115  29.33762718  120.02939633
120 Linear Feature 18
111  29.34147874  120.03084513 1 102
112  29.34171501  120.03083156  29.34177556  120.03079682 1 102
111  29.34186168  120.03060200 1 102
111  29.34208242  120.02982576 1 102
112  29.34207376  120.02965582  29.34204565  120.02955906 1 102
111  29.34196640  120.02949114 1 102
111  29.34088006  120.02902551 1 102
112  29.34020868  120.02889192  29.34010131  120.02894765 1 102
111  29.34004057  120.02912795 1 102
111  29.33983384  120.02983917 1 102
112  29.33983898  120.03007526  29.33987789  120.03023211 1 102
115  29.34003384  120.03030055
120 Linear Feature 17
111  29.34328399  120.03152430 1 102
112  29.34353821  120.03152444  29.34363535  120.03148758 1 102
111  29.34369822  120.03129225 1 102
111  29.34392038  120.03057959 1 102
112  29.34394636  120.03035797  29.34391522  120.03027461 1 102
111  29.34372058  120.03018529 1 102
111  29.34280189  120.02978934 1 102
112  29.34256106  120.02978398  29.34243182  120.02982209 1 102
111  29.34239632  120.02998318 1 102
111  29.34218370  120.03069437 1 102
112  29.34219625  120.03097375  29.34224610  120.03108717 1 102
115  29.34238666  120.03119499
120 Linear Feature 16
111  29.34421021  120.03187548 1 102
112  29.34402999  120.03168527  29.34397952  120.03156536 1 102
111  29.34402098  120.03139790 1 102
111  29.34426247  120.03058952 1 102
112  29.34432555  120.03047167  29.34439043  120.03044686 1 102
115  29.34447693  120.03048201
120 Linear Feature 36
111  29.33045016  120.02592980 54 103
115  29.33011960  120.02580142
120 Linear Feature 36
111  29.33753200  120.02860507 54 103
115  29.33719174  120.02847823
120 Linear Feature 36
111  29.33992272  120.02950079 54 103
115  29.33960950  120.02938945
120 Linear Feature 36
111  29.34226771  120.03039410 54 103
115  29.34195806  120.03027649
120 Linear Feature 36
111  29.34410681  120.03108132 54 103
115  29.34379716  120.03096370
120 Linear Feature 34
111  29.33078637  120.02510128 1 101
111  29.33107698  120.02520993 1 101
111  29.33125622  120.02527489 1 101
111  29.33143490  120.02534179 1 101
111  29.33161650  120.02540923 1 101
111  29.33738962  120.02757141 1 101
111  29.33787008  120.02775107 1 101
111  29.33977783  120.02846521 1 101
111  29.34026000  120.02864527 1 101
115  29.34029092  120.02865739
120 Linear Feature 33
111  29.34409733  120.03050290 1 101
111  29.34377467  120.03156260 1 101
112  29.34360060  120.03174585  29.34355437  120.03177286
111  29.34360060  120.03174585
112  29.34360060  120.03174585  29.34350815  120.03179987 1 101
115  29.34333040  120.03176815
120 Linear Feature 30
111  29.34407720  120.03007363 1 101
112  29.34414423  120.03021806  29.34416281  120.03029763 1 101
115  29.34409733  120.03050290
120 Linear Feature 33
111  29.34197004  120.03080395 1 101
112  29.34178041  120.03105604  29.34168796  120.03111006 1 101
115  29.34151022  120.03107834
120 Linear Feature 30
111  29.34211499  120.02933961 1 101
112  29.34228540  120.02957602  29.34230398  120.02965559 1 101
115  29.34227715  120.02981311
120 Linear Feature 29
111  29.34261098  120.02952424 1 101
112  29.34240894  120.02962267  29.34231189  120.02970083 1 101
111  29.34227715  120.02981311 1 101
111  29.34197390  120.03079653 1 101
112  29.34198617  120.03109800  29.34202774  120.03119858 1 101
115  29.34216520  120.03132660
120 Linear Feature 29
111  29.33078637  120.02510128 1 101
112  29.33057030  120.02515935  29.33047324  120.02523750 1 101
111  29.33043850  120.02534977 1 101
111  29.33013525  120.02633309 1 101
112  29.33014753  120.02663451  29.33018910  120.02673509 1 101
115  29.33032655  120.02686309
120 Linear Feature 33
111  29.33723358  120.02901555 1 101
112  29.33704395  120.02926763  29.33695150  120.02932164 1 101
115  29.33677375  120.02928993
120 Linear Feature 30
111  29.33738962  120.02757141 1 101
112  29.33754893  120.02778768  29.33756751  120.02786724 1 101
115  29.33754068  120.02802476
120 Linear Feature 29
111  29.33787008  120.02775107 1 101
112  29.33767248  120.02783432  29.33757543  120.02791248 1 101
111  29.33754068  120.02802476 1 101
111  29.33723743  120.02900814 1 101
112  29.33724971  120.02930958  29.33729128  120.02941017 1 101
115  29.33742873  120.02953818
120 Linear Feature 33
111  29.33961989  120.02991870 1 101
112  29.33943027  120.03017078  29.33933781  120.03022480 1 101
115  29.33916007  120.03019309
120 Linear Feature 30
111  29.33977783  120.02846521 1 101
112  29.33993525  120.02869080  29.33995383  120.02877036 1 101
115  29.33992700  120.02892788
120 Linear Feature 29
111  29.34026000  120.02864527 1 101
112  29.34005879  120.02873745  29.33996174  120.02881560 1 101
111  29.33992700  120.02892788 1 101
111  29.33962375  120.02991128 1 101
112  29.33963603  120.03021274  29.33967760  120.03031332 1 101
115  29.33981505  120.03044134
120 Linear Feature 28
111  29.34415220  120.03009519 1
111  29.34407720  120.03007363 1 101
111  29.34379439  120.02996488 1 101
111  29.34364200  120.02990833 1 101
111  29.34332073  120.02978834 1 101
111  29.34320742  120.02974773 1 101
111  29.34288120  120.02962550 1 101
111  29.34282801  120.02960683 1 101
111  29.34261098  120.02952424 1 101
111  29.34250641  120.02948572 1 101
111  29.34216958  120.02935980 1 101
111  29.34211499  120.02933961 1 101
111  29.34178802  120.02921745 1 101
111  29.34176366  120.02920724 1 101
111  29.34144079  120.02908610 1 101
111  29.34141678  120.02907653 1 101
111  29.34109217  120.02895591 1 101
111  29.34104193  120.02893645 1 101
111  29.34071733  120.02881583 1 101
111  29.34061833  120.02877870 1 101
115  29.34029092  120.02865739
120 Linear Feature 35
111  29.34377467  120.03156260 1 101
112  29.34381573  120.03180904  29.34386032  120.03191817 1 101
115  29.34397279  120.03200626
120 Linear Feature 26
111  29.34056794  120.02849664 1
112  29.34056325  120.02863961  29.34058703  120.02870781 1
115  29.34061833  120.02877870
120 Linear Feature 25
111  29.34056794  120.02849664 1
112  29.34049478  120.02860983  29.34043218  120.02865777 1
115  29.34029092  120.02865739
120 Linear Feature 24
111  29.34092946  120.02726801 1
115  29.34056794  120.02849664
120 Linear Feature 26
111  29.34099249  120.02865335 1
112  29.34098781  120.02879632  29.34101159  120.02886452 1
115  29.34104193  120.02893645
120 Linear Feature 25
111  29.34099249  120.02865335 1
112  29.34091933  120.02876655  29.34085674  120.02881448 1
115  29.34071733  120.02881583
120 Linear Feature 24
111  29.34128052  120.02765197 1
115  29.34099249  120.02865335
120 Linear Feature 26
111  29.34136734  120.02879343 1
112  29.34136266  120.02893640  29.34138644  120.02900460 1
115  29.34141678  120.02907653
120 Linear Feature 25
111  29.34136734  120.02879343 1
112  29.34129418  120.02890663  29.34123159  120.02895456 1
115  29.34109217  120.02895591
120 Linear Feature 24
111  29.34164728  120.02790936 1
115  29.34136734  120.02879343
120 Linear Feature 26
111  29.34171462  120.02892490 1
112  29.34170994  120.02906787  29.34173372  120.02913607 1
115  29.34176366  120.02920724
120 Linear Feature 25
111  29.34171462  120.02892490 1
112  29.34164146  120.02903810  29.34157887  120.02908603 1
115  29.34144079  120.02908610
120 Linear Feature 24
111  29.34190860  120.02825657 1
115  29.34171462  120.02892490
120 Linear Feature 26
111  29.34206472  120.02905906 1
112  29.34206003  120.02920202  29.34208382  120.02927023 1
115  29.34211499  120.02933961
120 Linear Feature 25
111  29.34206472  120.02905906 1
112  29.34199156  120.02917225  29.34192897  120.02922019 1
115  29.34178802  120.02921745
120 Linear Feature 24
111  29.34225870  120.02839073 1
115  29.34206472  120.02905906
120 Linear Feature 26
111  29.34244373  120.02920115 1
112  29.34243905  120.02934412  29.34246283  120.02941232 1
115  29.34250641  120.02948572
120 Linear Feature 25
111  29.34244373  120.02920115 1
112  29.34237057  120.02931434  29.34230798  120.02936228 1
115  29.34216958  120.02935980
120 Linear Feature 24
111  29.34263771  120.02853281 1
115  29.34244373  120.02920115
120 Linear Feature 26
111  29.34277858  120.02932566 1
112  29.34277390  120.02946863  29.34279768  120.02953683 1
115  29.34282801  120.02960683
120 Linear Feature 25
111  29.34277858  120.02932566 1
112  29.34270542  120.02943886  29.34264283  120.02948679 1
115  29.34250641  120.02948572
120 Linear Feature 24
111  29.34297256  120.02865733 1
115  29.34277858  120.02932566
120 Linear Feature 26
111  29.34315636  120.02946813 1
112  29.34315167  120.02961110  29.34317545  120.02967930 1
115  29.34320742  120.02974773
120 Linear Feature 25
111  29.34315636  120.02946813 1
112  29.34308319  120.02958132  29.34302060  120.02962926 1
115  29.34288120  120.02962550
120 Linear Feature 24
111  29.34335033  120.02879979 1
115  29.34315636  120.02946813
120 Linear Feature 26
111  29.34359257  120.02963287 1
112  29.34358788  120.02977584  29.34361166  120.02984405 1
115  29.34364200  120.02990833
120 Linear Feature 25
111  29.34359257  120.02963287 1
112  29.34351940  120.02974607  29.34345681  120.02979400 1
115  29.34332073  120.02978834
120 Linear Feature 24
111  29.34378654  120.02896453 1
115  29.34359257  120.02963287
120 Linear Feature 26
111  29.34402776  120.02980475 1
112  29.34402308  120.02994772  29.34404686  120.03001592 1
115  29.34407720  120.03007363
120 Linear Feature 25
111  29.34402776  120.02980475 1
112  29.34395460  120.02991794  29.34389201  120.02996588 1
115  29.34379439  120.02996488
120 Linear Feature 24
111  29.34422174  120.02913640 1
115  29.34402776  120.02980475
120 Linear Feature 25
111  29.34438557  120.02993506 1
112  29.34426505  120.03023246  29.34421253  120.03031584 1
115  29.34409733  120.03050290
120 Linear Feature 25
111  29.34438557  120.02993506 1
112  29.34429598  120.03006082  29.34423338  120.03010876 1
115  29.34415220  120.03009519
120 Linear Feature 24
111  29.34457955  120.02926671 1
115  29.34438557  120.02993506
120 Linear Feature 7
111  29.35466451  120.03473994 1
111  29.35488849  120.03399149 1
112  29.35503450  120.03391117  29.35512365  120.03394859 1
111  29.35510548  120.03407792 1
111  29.35488042  120.03482755 1
112  29.35474264  120.03489104  29.35467311  120.03486260 1
115  29.35466451  120.03473994
120 Linear Feature 7
111  29.35510548  120.03407792 1
112  29.35522558  120.03398801  29.35530019  120.03401918 1
111  29.35527240  120.03414556 1
111  29.35504730  120.03489524 1
112  29.35492934  120.03496637  29.35485981  120.03493793 1
115  29.35488042  120.03482755
120 Linear Feature 7
111  29.35527240  120.03414556 1
112  29.35539368  120.03405651  29.35546828  120.03408768 1
111  29.35544076  120.03421387 1
111  29.35521561  120.03496361 1
112  29.35510059  120.03503528  29.35503107  120.03500584 1
115  29.35504730  120.03489524
120 Linear Feature 7
111  29.35544076  120.03421387 1
112  29.35556764  120.03412576  29.35566025  120.03415873 1
111  29.35561862  120.03428612 1
111  29.35539363  120.03503565 1
112  29.35527127  120.03510388  29.35519367  120.03507109 1
115  29.35521561  120.03496361
120 Linear Feature 7
111  29.35561813  120.03428712 1
112  29.35579046  120.03421701  29.35591671  120.03426772 1
111  29.35589449  120.03439548 1
111  29.35566866  120.03514689 1
116  29.35549537  120.03519589  29.35540336  120.03515859
120 Linear Feature 7
111  29.35561862  120.03428612 1
112  29.35579046  120.03421701  29.35591671  120.03426772 1
111  29.35589449  120.03439548 1
111  29.35566866  120.03514689 1
112  29.35549537  120.03519589  29.35540336  120.03515859 1
115  29.35539363  120.03503565
120 Linear Feature 15
111  29.34602551  120.03068160 1
111  29.34581882  120.03137059 1
112  29.34572484  120.03142070  29.34566272  120.03143243 1
111  29.34556082  120.03140729 1
115  29.34444628  120.03100515
120 Linear Feature 12
111  29.33127670  120.02424436 1
112  29.33140378  120.02416326  29.33146347  120.02418589 1
111  29.33145408  120.02431045 1
111  29.33120274  120.02511987 1
112  29.33107698  120.02520993  29.33102146  120.02518916 1
115  29.33102521  120.02505389
120 Linear Feature 12
111  29.33145408  120.02431045 1
112  29.33157386  120.02422394  29.33163355  120.02424658 1
111  29.33163323  120.02437722 1
111  29.33138195  120.02518674 1
112  29.33125622  120.02527489  29.33120069  120.02525412 1
115  29.33120274  120.02512010
120 Linear Feature 12
111  29.33163323  120.02437722 1
112  29.33175260  120.02429150  29.33181229  120.02431413 1
111  29.33181201  120.02444366 1
111  29.33156061  120.02525302 1
112  29.33143490  120.02534179  29.33137938  120.02532102 1
115  29.33138195  120.02518674
120 Linear Feature 12
111  29.33181201  120.02444366 1
112  29.33193463  120.02435765  29.33199432  120.02438028 1
111  29.33199389  120.02451126 1
111  29.33174252  120.02532011 1
112  29.33161650  120.02540923  29.33156098  120.02538846 1
115  29.33156061  120.02525302
120 Linear Feature 11
111  29.33140378  120.02416326 1
111  29.33157386  120.02422394 1
111  29.33175260  120.02429150 1
115  29.33193463  120.02435765
120 Linear Feature 10
111  29.33127670  120.02424436 1
115  29.33102521  120.02505389
120 Linear Feature 9
111  29.35059022  120.03229147 1
111  29.35084753  120.03238779 1
112  29.35091001  120.03247153  29.35092803  120.03253356 1
111  29.35090670  120.03258249 1
111  29.35081149  120.03289642 1
111  29.35072138  120.03317969 1
112  29.35072178  120.03329294  29.35074190  120.03335377 1
115  29.35080706  120.03341844
120 Linear Feature 8
111  29.35044856  120.03313112 1
112  29.35045677  120.03321524  29.35046824  120.03325233 1
115  29.35053377  120.03330189
120 Linear Feature 7
111  29.34634984  120.03067785 1
115  29.34615520  120.03060590
120 Linear Feature 6
111  29.35059022  120.03229147 1
111  29.35040217  120.03222083 1
111  29.35021194  120.03214832 1
111  29.35001668  120.03207312 1
111  29.34981731  120.03199721 1
111  29.34963360  120.03192763 1
111  29.34944873  120.03185776 1
111  29.34925671  120.03178415 1
111  29.34905974  120.03170919 1
111  29.34887022  120.03163774 1
111  29.34868939  120.03156828 1
111  29.34848264  120.03149035 1
111  29.34826683  120.03140753 1
111  29.34807219  120.03133351 1
111  29.34788404  120.03126147 1
111  29.34769582  120.03119005 1
111  29.34750411  120.03111731 1
111  29.34731104  120.03104325 1
111  29.34712195  120.03097289 1
111  29.34692733  120.03089798 1
111  29.34673234  120.03082351 1
111  29.34654305  120.03075226 1
115  29.34634984  120.03067785
120 Linear Feature 2
111  29.34699245  120.03104786 1
112  29.34712195  120.03097289  29.34720444  120.03100447 1
111  29.34718526  120.03112118 1
111  29.34697855  120.03181052 1
112  29.34685075  120.03187877  29.34677570  120.03184988 1
115  29.34678582  120.03173704
120 Linear Feature 2
111  29.34602551  120.03068160 1
112  29.34615520  120.03060590  29.34623768  120.03063749 1
111  29.34622015  120.03075355 1
111  29.34601345  120.03144254 1
112  29.34588559  120.03151211  29.34581054  120.03148322 1
115  29.34581882  120.03137059
120 Linear Feature 2
111  29.34622015  120.03075355 1
112  29.34634984  120.03067785  29.34643232  120.03070944 1
111  29.34641488  120.03082798 1
111  29.34620818  120.03151747 1
112  29.34608023  120.03158406  29.34600518  120.03155517 1
115  29.34601345  120.03144254
120 Linear Feature 2
111  29.34641488  120.03082798 1
112  29.34654305  120.03075226  29.34662554  120.03078385 1
111  29.34660548  120.03090041 1
111  29.34639878  120.03158974 1
112  29.34627174  120.03165729  29.34619669  120.03162840 1
115  29.34620818  120.03151747
120 Linear Feature 2
111  29.34660548  120.03090041 1
112  29.34673234  120.03082351  29.34681482  120.03085509 1
111  29.34679711  120.03097314 1
111  29.34659034  120.03166261 1
112  29.34646177  120.03172990  29.34638672  120.03170100 1
115  29.34639878  120.03158974
120 Linear Feature 2
111  29.34679711  120.03097314 1
112  29.34692733  120.03089798  29.34700981  120.03092957 1
111  29.34699245  120.03104786 1
111  29.34678582  120.03173704 1
112  29.34665634  120.03180455  29.34658129  120.03177566 1
115  29.34659034  120.03166261
120 Linear Feature 2
111  29.34718526  120.03112118 1
112  29.34731104  120.03104325  29.34739352  120.03107484 1
111  29.34737089  120.03119147 1
111  29.34716418  120.03188081 1
112  29.34704402  120.03195307  29.34696897  120.03192418 1
115  29.34697855  120.03181052
120 Linear Feature 2
111  29.34737089  120.03119147 1
112  29.34750411  120.03111731  29.34758659  120.03114889 1
111  29.34756016  120.03126369 1
111  29.34735310  120.03195305 1
112  29.34722570  120.03202276  29.34715065  120.03199387 1
115  29.34716418  120.03188081
120 Linear Feature 2
111  29.34756016  120.03126369 1
112  29.34769582  120.03119005  29.34777831  120.03122164 1
111  29.34776013  120.03133948 1
111  29.34755399  120.03202924 1
112  29.34742251  120.03209802  29.34734746  120.03206912 1
115  29.34735310  120.03195305
120 Linear Feature 2
111  29.34776013  120.03133948 1
112  29.34788404  120.03126147  29.34796652  120.03129306 1
111  29.34794769  120.03141099 1
111  29.34774117  120.03210045 1
112  29.34761095  120.03217169  29.34753591  120.03214279 1
115  29.34755399  120.03202924
120 Linear Feature 2
111  29.34794769  120.03141099 1
112  29.34807219  120.03133351  29.34815467  120.03136510 1
111  29.34813697  120.03148331 1
111  29.34793012  120.03217246 1
112  29.34780313  120.03224398  29.34772808  120.03221509 1
115  29.34774117  120.03210045
120 Linear Feature 2
111  29.34813697  120.03148331 1
112  29.34826683  120.03140753  29.34834931  120.03143912 1
111  29.34833188  120.03155712 1
111  29.34812517  120.03224647 1
112  29.34799616  120.03231819  29.34792111  120.03228929 1
115  29.34793012  120.03217246
120 Linear Feature 2
111  29.34833412  120.03155940 1
112  29.34848264  120.03149035  29.34856512  120.03152193 1
111  29.34856866  120.03164716 1
111  29.34835987  120.03233597 1
112  29.34820738  120.03239990  29.34813233  120.03237101 1
115  29.34812517  120.03224647
120 Linear Feature 2
111  29.34856866  120.03164716 1
112  29.34868939  120.03156828  29.34877187  120.03159987 1
111  29.34873987  120.03171268 1
111  29.34853222  120.03240078 1
112  29.34841683  120.03247950  29.34834178  120.03245060 1
115  29.34835987  120.03233597
120 Linear Feature 2
111  29.34873987  120.03171268 1
112  29.34887022  120.03163774  29.34895270  120.03166933 1
111  29.34893424  120.03178636 1
111  29.34872797  120.03247612 1
112  29.34859563  120.03255395  29.34852058  120.03252505 1
115  29.34853222  120.03240078
120 Linear Feature 2
111  29.34893424  120.03178636 1
112  29.34905974  120.03170919  29.34914223  120.03174078 1
111  29.34912479  120.03185833 1
111  29.34891809  120.03254768 1
112  29.34879001  120.03262280  29.34871496  120.03259391 1
115  29.34872797  120.03247612
120 Linear Feature 2
111  29.34912479  120.03185833 1
112  29.34925671  120.03178415  29.34933920  120.03181573 1
111  29.34932032  120.03193330 1
111  29.34911422  120.03262265 1
112  29.34898321  120.03269651  29.34890816  120.03266761 1
115  29.34891809  120.03254768
120 Linear Feature 2
111  29.34932032  120.03193330 1
112  29.34944873  120.03185776  29.34953122  120.03188935 1
111  29.34950777  120.03200438 1
111  29.34930107  120.03269389 1
112  29.34917181  120.03276950  29.34909677  120.03274060 1
115  29.34911422  120.03262265
120 Linear Feature 2
111  29.34950777  120.03200438 1
112  29.34963360  120.03192763  29.34971609  120.03195922 1
111  29.34969463  120.03207584 1
111  29.34948792  120.03276496 1
112  29.34935650  120.03284096  29.34928145  120.03281206 1
115  29.34930107  120.03269389
120 Linear Feature 2
111  29.34969463  120.03207584 1
112  29.34981731  120.03199721  29.34989980  120.03202880 1
111  29.34987889  120.03214351 1
111  29.34967162  120.03283512 1
112  29.34954644  120.03291477  29.34947139  120.03288587 1
115  29.34948792  120.03276496
120 Linear Feature 2
111  29.34987889  120.03214351 1
112  29.35001668  120.03207312  29.35009917  120.03210471 1
111  29.35008341  120.03222414 1
111  29.34987575  120.03291194 1
112  29.34974426  120.03298800  29.34966922  120.03295910 1
115  29.34967162  120.03283512
120 Linear Feature 2
111  29.35008341  120.03222414 1
112  29.35021194  120.03214832  29.35029442  120.03217991 1
111  29.35027699  120.03229238 1
111  29.35006924  120.03298652 1
112  29.34993413  120.03306173  29.34985908  120.03303283 1
115  29.34987575  120.03291194
120 Linear Feature 2
111  29.35027699  120.03229238 1
112  29.35040217  120.03222083  29.35048466  120.03225241 1
111  29.35046053  120.03236718 1
111  29.35025384  120.03305620 1
112  29.35012950  120.03313753  29.35005446  120.03310863 1
115  29.35006924  120.03298652
120 Linear Feature 2
111  29.35046053  120.03236718 1
112  29.35059022  120.03229147  29.35067271  120.03232306 1
111  29.35065527  120.03244176 1
111  29.35044856  120.03313112 1
112  29.35031714  120.03320769  29.35024209  120.03317880 1
115  29.35025384  120.03305620
120 Linear Feature 21
111  29.35294083  120.03421866 1
111  29.35232124  120.03397628 1
111  29.35080706  120.03341844 1
111  29.35053377  120.03330189 1
111  29.35031714  120.03320769 1
111  29.35012950  120.03313753 1
111  29.34993413  120.03306173 1
111  29.34974426  120.03298800 1
111  29.34954644  120.03291477 1
111  29.34935650  120.03284096 1
111  29.34917181  120.03276950 1
111  29.34898321  120.03269651 1
111  29.34879001  120.03262280 1
111  29.34859563  120.03255395 1
111  29.34841683  120.03247950 1
111  29.34820738  120.03239990 1
111  29.34799616  120.03231819 1
111  29.34780313  120.03224398 1
111  29.34761095  120.03217169 1
111  29.34742251  120.03209802 1
111  29.34723250  120.03202896 1
111  29.34704402  120.03195307 1
111  29.34685075  120.03187877 1
111  29.34665634  120.03180455 1
111  29.34646177  120.03172990 1
111  29.34627174  120.03165729 1
111  29.34608023  120.03158406 1
111  29.34588559  120.03151211 1
115  29.34556082  120.03140729
120 Linear Feature 20
111  29.35232124  120.03397628 1
112  29.35250346  120.03421065  29.35254146  120.03434458 1
115  29.35254817  120.03442697
120 Linear Feature 19
111  29.35239554  120.03497088 1
112  29.35230630  120.03508788  29.35224220  120.03511358 1
115  29.35217993  120.03510597
120 Linear Feature 17
111  29.35579046  120.03421701 1
111  29.35556764  120.03412576 1
111  29.35539368  120.03405651 1
111  29.35522558  120.03398801 1
115  29.35503450  120.03391117
120 Linear Feature 16
111  29.35556888  120.03548479 1
112  29.35556258  120.03529887  29.35555172  120.03521166 1
111  29.35549537  120.03519589 1
111  29.35527127  120.03510388 1
111  29.35510059  120.03503528 1
111  29.35492934  120.03496637 1
111  29.35474264  120.03489104 1
111  29.35294083  120.03421866 1
112  29.35273172  120.03424436  29.35265734  120.03427873 1
111  29.35254817  120.03442697 1
111  29.35239554  120.03497088 1
112  29.35242419  120.03512053  29.35246689  120.03519829 1
115  29.35252886  120.03523922
120 Linear Feature 18
111  29.35566866  120.03514689 1
111  29.35556888  120.03548479 1
111  29.35539032  120.03610522 1
112  29.35530240  120.03622018  29.35523359  120.03625840 1
115  29.35515630  120.03623172
21  29.35303708  120.03599017 2 198.1 3.00 New Light Fixture 3
21  29.33230621  120.02706824 2 20.9 3.00 New Light Fixture 2
20  29.33716353  120.02801264 289.0 0 3 {@L}A6{@Y,^l}A{^r}
20  29.34373936  120.03048235 18.2 0 3 {@L}A{@Y}A3{^r,@@,@L}A
20  29.34189297  120.02978492 18.2 0 3 {@L}A{@Y}A4{^r,@@,@L}A
20  29.33957873  120.02888034 18.2 0 3 {@L}A{@Y}A5{^r,@@,@L}A
20  29.33728375  120.02715547 18.2 0 3 {@L}A{@Y}A6{^r}
20  29.35580681  120.03569751 108.6 0 3 {@L}A1{@R}20
20  29.35301817  120.03494947 197.2 0 3 {@Y}A2{^r}
20  29.34419333  120.03159086 197.2 0 3 {@Y}A3{^r}
20  29.34237622  120.03093218 197.2 0 3 {@Y}A4{^r}
20  29.34001734  120.02998372 197.2 0 3 {@Y}A5{^r}
20  29.33764631  120.02908487 197.2 0 3 {@Y}A6{^r}
20  29.34260988  120.03003458 198.8 0 3 {@L}A{@Y,^l}A4{@@,@L}A
20  29.34021464  120.02914775 198.8 0 3 {@L}A{@Y,^l}A5{@@,@L}A
20  29.33814646  120.02745982 198.8 0 3 {@L}A{@Y,^l}A6
20  29.35451917  120.03552204 17.2 0 3 {@Y,^l}A1
20  29.35189469  120.03452484 17.2 0 3 {@Y,^l}A2
20  29.34341841  120.03131348 17.2 0 3 {@Y,^l}A3
20  29.34154050  120.03060056 17.2 0 3 {@Y,^l}A4
20  29.33926418  120.02971865 17.2 0 3 {@Y,^l}A5
20  29.33679857  120.02881205 17.2 0 3 {@Y,^l}A6
20  29.33503256  120.02817552 197.2 0 3 {no-entry,@R,^r}
20  29.33400240  120.02780747 17.2 0 3 {@R,^l,no-entry}
20  29.33133978  120.02685829 17.2 0 3 {@R,^l,no-entry}
20  29.33376636  120.02648683 197.6 0 3 {@L}A{@R,^l,no-entry,^r,@@,@L}A
20  29.33391464  120.02591995 20.7 0 3 {@L}A{@R,^l,no-entry,^r,@@,@L}A
20  29.33074153  120.02557108 111.1 0 3 {@L}A8{@R,^l,no-entry,^lu}02{@@,@L}A8{@Y}A{^r}
20  29.33770076  120.02867601 109.4 0 3 {@L}A6{@R}20-02{safety,@@,@L}A6
20  29.34429400  120.03114509 109.4 0 3 {@L}A3{@R}20-02{safety,@@,@L}A3
20  29.34362975  120.03091262 109.4 0 3 {@L}A3{@R}20-02{safety,@@,@L}A3
20  29.34244762  120.03046704 109.4 0 3 {@L}A4{@R}20-02{safety,@@,@L}A4
20  29.34181714  120.03024103 109.4 0 3 {@L}A4{@R}20-02{safety,@@,@L}A4
20  29.34010101  120.02958632 109.4 0 3 {@L}A5{@R}20-02{safety,@@,@L}A5
20  29.33945599  120.02932623 109.4 0 3 {@L}A5{@R}20-02{safety,@@,@L}A5
20  29.33705048  120.02844296 109.4 0 3 {@L}A6{@R}20-02{safety,@@,@L}A6
20  29.32998141  120.02574234 109.4 0 3 {@L}A8{@R}02{safety,@@,@L}A8{no-entry,@R,^r,@Y}A{^ru}
14  29.35429622  120.03409697 39 0 Yiwu
1300  29.34457955  120.02926671 288.4 gate heavy|jets 1
1300  29.34422174  120.02913640 288.4 gate heavy|jets 2
1300  29.34378654  120.02896453 288.4 gate heavy|jets 3
1300  29.34335033  120.02879979 288.4 gate heavy|jets 4
1300  29.34297256  120.02865733 288.4 gate heavy|jets 5
1300  29.34263771  120.02853281 288.4 gate heavy|jets 6
1300  29.34225870  120.02839073 288.4 gate heavy|jets 7
1300  29.34190860  120.02825657 288.4 gate heavy|jets 8
1300  29.34164728  120.02790936 290.6 gate heavy|jets 9
1300  29.34128052  120.02765197 288.3 gate heavy|jets 10
1300  29.34092946  120.02726801 288.4 gate heavy|jets 11
54 11850 TWR
54 13000 TWR
99
